61.0	32.0	11.0	35.0
62.0	32.0	11.0	35.0
63.0	32.0	11.0	35.0
63.0	32.0	11.0	35.0
65.0	32.0	10.0	35.0
65.0	32.0	10.0	34.0
66.0	32.0	10.0	34.0
67.0	31.0	10.0	33.0
67.0	31.0	11.0	36.0
68.0	31.0	10.0	33.0
68.0	32.0	10.0	33.0
69.0	33.0	10.0	33.0
70.0	34.0	10.0	32.0
71.0	33.0	10.0	33.0
72.0	32.0	12.0	36.0
72.0	31.0	13.0	38.0
74.0	32.0	12.0	37.0
73.83830261230469	31.26578712463379	11.911492347717285	36.72710418701172
74.8054428100586	31.92612648010254	11.83509635925293	36.491554260253906
76.22743225097656	32.474281311035156	11.756953239440918	36.250614166259766
77.0	31.0	14.0	41.0
77.48483276367188	32.75475311279297	13.90301513671875	40.715972900390625
77.85226440429688	33.50946807861328	13.995748519897461	40.987548828125
78.05577087402344	33.57943344116211	14.1533842086792	41.44919204711914
77.84835052490234	32.5972900390625	14.3598051071167	42.053707122802734
77.93537902832031	31.973461151123047	14.472803115844727	42.38462448120117
79.2166976928711	31.588836669921875	14.242518424987793	41.71022415161133
81.61363220214844	32.13037872314453	14.189718246459961	41.55559158325195
82.18586730957031	33.16754913330078	14.057390213012695	41.168060302734375
82.94189453125	33.96107482910156	13.969535827636719	40.91077423095703
83.41263580322266	32.2031135559082	14.286931037902832	41.84029006958008
85.09181213378906	29.984027862548828	14.217310905456543	41.63640213012695
86.0	31.0	14.0	41.0
87.86556243896484	32.376258850097656	14.173080444335938	41.50688171386719
88.71864318847656	31.09453773498535	13.981643676757812	40.94624710083008
89.02166748046875	31.529821395874023	13.813383102416992	40.45348358154297
91.0	33.0	13.0	38.0
91.34832763671875	34.19122314453125	13.255317687988281	38.74631118774414
92.66545867919922	34.692222595214844	13.348386764526367	39.01836013793945
93.32738494873047	33.70753860473633	13.1350679397583	38.394813537597656
94.7543716430664	35.0556640625	13.075119018554688	38.219573974609375
96.23655700683594	36.339935302734375	13.043355941772461	38.126731872558594
97.28535461425781	37.29073715209961	12.995376586914062	37.98648452758789
98.08194732666016	36.706607818603516	12.966981887817383	37.90348434448242
100.0	42.0	12.0	32.0
99.99861907958984	39.929443359375	12.131929397583008	32.35181427001953
100.0	41.0	13.0	35.0
100.71968841552734	34.95436477661133	13.2785062789917	35.74982452392578
102.67584228515625	37.21449661254883	13.413795471191406	36.11406707763672
103.12333679199219	36.86408233642578	13.698936462402344	36.88175582885742
104.09196472167969	38.1346435546875	13.792732238769531	37.134281158447266
104.6308822631836	39.163429260253906	13.746371269226074	37.00946044921875
104.70014953613281	40.20756149291992	13.933792114257812	37.51405334472656
107.36922454833984	37.00127029418945	14.222692489624023	38.29186248779297
106.2452163696289	37.91913604736328	14.211071968078613	38.26057434082031
108.5716781616211	35.82056427001953	14.140210151672363	38.06979751586914
109.17805480957031	38.33586883544922	14.34306526184082	38.615943908691406
109.12199401855469	43.61679458618164	14.423547744750977	38.8326301574707
110.39810943603516	37.540382385253906	14.721717834472656	39.63539505004883
108.50691986083984	49.23670196533203	14.66212272644043	39.474945068359375
117.2083969116211	46.061588287353516	14.568646430969238	39.22328186035156
110.9620361328125	40.25994873046875	14.440385818481445	38.87796401977539
122.49894714355469	53.809364318847656	14.56556510925293	39.214988708496094
134.3400421142578	69.01685333251953	14.773645401000977	39.77519989013672
139.77822875976562	76.84952545166016	14.9199800491333	40.16917419433594
139.91897583007812	76.02330017089844	15.134925842285156	40.74787139892578
139.22073364257812	77.65431213378906	15.25611686706543	41.074161529541016
139.3719940185547	76.0269546508789	15.269670486450195	41.11064910888672
140.55929565429688	75.53675079345703	14.997331619262695	40.37742614746094
121.0	36.0	13.0	40.0
123.3195571899414	37.98175811767578	12.953755378723145	39.857704162597656
123.3016357421875	35.03754425048828	13.014028549194336	40.04316329956055
124.0987548828125	36.325599670410156	13.27355670928955	40.841712951660156
124.64137268066406	35.516563415527344	13.099078178405762	40.30485916137695
125.3429946899414	35.67717742919922	13.344263076782227	41.05927276611328
126.05741119384766	36.6872673034668	13.20280933380127	40.62403106689453
126.49446868896484	35.87496566772461	13.288166999816895	40.88666915893555
126.98184967041016	35.11791229248047	13.4585599899292	41.41095733642578
127.76148986816406	35.095542907714844	13.247981071472168	40.76301956176758
129.05078125	35.03717803955078	13.344675064086914	41.06053924560547
129.443603515625	33.42364501953125	13.413411140441895	41.272037506103516
130.5695343017578	35.32243728637695	13.259320259094238	40.79791259765625
131.87071228027344	35.90642547607422	13.40002727508545	41.230857849121094
133.17562866210938	38.565589904785156	13.383420944213867	41.17975997924805
134.1656494140625	39.5951042175293	13.56750202178955	41.74616241455078
134.88510131835938	39.4970817565918	13.271957397460938	40.836795806884766
136.27647399902344	35.64353561401367	13.311716079711914	40.95912551879883
136.4081573486328	35.32808303833008	13.532098770141602	41.6372184753418
136.0621795654297	38.93267822265625	13.355084419250488	41.09255599975586
137.49240112304688	38.466590881347656	13.459202766418457	41.41291809082031
138.82437133789062	36.94904327392578	13.27796459197998	40.855262756347656
139.00619506835938	35.008872985839844	13.362988471984863	41.11687088012695
140.3042755126953	36.574851989746094	13.365350723266602	41.12413787841797
141.10684204101562	37.95109558105469	13.467620849609375	41.43881607055664
142.4457550048828	39.750518798828125	13.467663764953613	41.43894577026367
143.83242797851562	38.07782745361328	13.833627700805664	42.56498336791992
144.76918029785156	34.20817184448242	13.787050247192383	42.42166519165039
144.92727661132812	37.67905807495117	13.905649185180664	42.786590576171875
146.64730834960938	39.205787658691406	13.861300468444824	42.65013885498047
146.99887084960938	38.870338439941406	14.133459091186523	43.48755645751953
147.90499877929688	39.66100311279297	14.026937484741211	43.15979766845703
148.056884765625	37.77770233154297	13.893165588378906	42.748191833496094
149.64735412597656	34.1777458190918	13.860699653625488	42.64829635620117
149.85633850097656	34.29762649536133	13.950004577636719	42.92308044433594
150.32131958007812	33.41960906982422	14.1096773147583	43.41437911987305
151.0	39.0	12.0	38.0
153.3195343017578	36.3624267578125	12.080183029174805	38.25391387939453
155.0	41.0	11.0	36.0
155.0	40.0	12.0	38.0
157.0	41.0	10.0	36.0
158.0	40.0	10.0	36.0
159.0	40.0	10.0	35.0
159.0	40.0	10.0	35.0
160.0	40.0	9.0	34.0
161.0	39.0	10.0	37.0
161.0	40.0	10.0	37.0
162.0	40.0	10.0	37.0
162.0	37.0	11.0	41.0
163.0	39.0	10.0	37.0
163.0	39.0	12.0	39.0
164.0	41.0	12.0	37.0
164.0	42.0	12.0	36.0
163.1248779296875	42.49045944213867	11.93018913269043	35.79056930541992
163.32223510742188	41.630470275878906	12.160684585571289	36.4820556640625
163.7054443359375	42.0926399230957	11.96459674835205	35.89379119873047
164.0	41.0	13.0	39.0
163.71517944335938	42.696266174316406	12.841087341308594	38.52326583862305
163.6822509765625	43.279502868652344	12.873809814453125	38.621429443359375
163.0	42.0	14.0	37.0
162.9757080078125	42.948089599609375	14.205180168151855	37.54226303100586
162.69985961914062	43.675209045410156	14.341153144836426	37.90161895751953
163.03041076660156	42.436546325683594	14.347951889038086	37.919586181640625
163.0	41.0	13.0	39.0
164.0	39.0	12.0	41.0
163.82705688476562	41.465126037597656	11.906882286071777	40.68185043334961
163.0	38.0	12.0	41.0
162.68795776367188	38.79484176635742	12.075185775756836	41.25688934326172
163.0	38.0	11.0	40.0
163.0	40.0	10.0	36.0
163.0	39.0	10.0	38.0
162.0	40.0	10.0	36.0
162.0	41.0	10.0	36.0
161.0	42.0	11.0	35.0
159.40591430664062	41.36768341064453	11.109732627868652	35.34914779663086
158.11001586914062	42.889312744140625	10.93911075592041	34.80625915527344
156.68006896972656	43.50807571411133	10.855334281921387	34.539695739746094
156.0	41.0	11.0	36.0
155.0	40.0	11.0	37.0
155.0	40.0	11.0	39.0
154.0	41.0	11.0	37.0
152.0	39.0	12.0	39.0
152.0	40.0	12.0	37.0
150.0	38.0	12.0	40.0
149.0	36.0	13.0	43.0
148.0	38.0	13.0	41.0
149.0	40.0	12.0	39.0
148.0	41.0	11.0	38.0
148.7608642578125	41.84920120239258	10.840557098388672	37.449195861816406
146.0	40.0	12.0	39.0
145.81802368164062	40.3777961730957	11.890398979187012	38.643798828125
144.0	41.0	11.0	36.0
144.0	40.0	11.0	38.0
142.0	38.0	12.0	39.0
141.0	37.0	12.0	40.0
139.94573974609375	36.627803802490234	11.98736572265625	39.9578857421875
139.8068084716797	35.90312957763672	11.829559326171875	39.43186569213867
139.2430877685547	37.47960662841797	11.872627258300781	39.57542037963867
137.8046875	35.253204345703125	11.710711479187012	39.03569793701172
137.2952423095703	33.879390716552734	11.848063468933105	39.49353790283203
135.91329956054688	36.77053451538086	11.84896183013916	39.49652862548828
134.5389862060547	36.518455505371094	11.877174377441406	39.59056854248047
134.11158752441406	37.28331756591797	11.783600807189941	39.278656005859375
133.17568969726562	36.259117126464844	11.877870559692383	39.59288787841797
132.4413604736328	35.62074279785156	11.712423324584961	39.04139709472656
129.0	36.0	12.0	40.0
128.0	36.0	14.0	40.0
128.5283660888672	35.32090377807617	14.036394119262695	40.10398483276367
127.27162170410156	35.42290496826172	13.98796272277832	39.96561050415039
126.82515716552734	35.48345184326172	14.081090927124023	40.231693267822266
126.34586334228516	35.019535064697266	14.049565315246582	40.141624450683594
125.33335876464844	35.44248580932617	13.967328071594238	39.90665817260742
124.99649810791016	35.1792106628418	14.247479438781738	40.70709228515625
124.7332992553711	35.149085998535156	13.85649299621582	39.589988708496094
123.63692474365234	36.369102478027344	14.1094388961792	40.31269073486328
121.0	34.0	13.0	41.0
121.3927230834961	33.46428680419922	12.879629135131836	40.6203727722168
120.2187728881836	31.944738388061523	13.157366752624512	41.496315002441406
118.3563003540039	33.52771759033203	13.362480163574219	42.14321517944336
117.6117172241211	34.64806365966797	13.338537216186523	42.06770706176758
115.94490814208984	35.667503356933594	13.247358322143555	41.78014373779297
113.8709716796875	35.81748962402344	13.053266525268555	41.16801071166992
112.30024719238281	35.271671295166016	13.285954475402832	41.90187072753906
112.5283432006836	35.05323028564453	13.348503112792969	42.099143981933594
111.51123046875	34.4855842590332	13.504653930664062	42.59162139892578
110.89495849609375	35.195064544677734	13.465620040893555	42.4685173034668
110.37333679199219	36.36378860473633	13.500892639160156	42.57976150512695
108.9761734008789	36.403541564941406	13.455296516418457	42.43596267700195
106.99600982666016	38.2672233581543	13.619247436523438	42.953041076660156
105.72261047363281	38.57756423950195	13.430549621582031	42.357913970947266
104.53240966796875	36.9891357421875	13.392995834350586	42.239471435546875
104.26810455322266	36.566734313964844	13.307843208312988	41.970909118652344
104.23237609863281	36.16212463378906	13.338290214538574	42.06693649291992
102.83622741699219	30.50943946838379	13.632339477539062	42.99432373046875
102.01171875	29.121463775634766	13.88415813446045	43.78852462768555
100.36209106445312	31.15839195251465	14.096635818481445	44.458648681640625
98.4492416381836	31.788570404052734	14.0600004196167	44.343109130859375
98.66121673583984	29.89058494567871	14.138982772827148	44.59221267700195
98.0687484741211	30.144702911376953	13.900733947753906	43.8408088684082
96.0	35.0	12.0	37.0
95.0	36.0	12.0	37.0
94.0	36.0	12.0	37.0
93.0	36.0	12.0	37.0
92.0	38.0	12.0	35.0
92.0	36.0	11.0	37.0
90.9405517578125	35.10620880126953	10.939687728881836	36.7971305847168
89.0	34.0	11.0	36.0
89.3230209350586	32.980342864990234	10.961573600769043	35.87424087524414
89.02906799316406	35.99491500854492	10.724730491638184	35.09911346435547
89.06446838378906	36.98429489135742	10.749143600463867	35.179012298583984
86.0	33.0	12.0	38.0
85.25841522216797	33.191383361816406	12.18364429473877	38.58154296875
83.56724548339844	32.67354965209961	12.09101676940918	38.2882194519043
82.89810180664062	33.234375	12.20667552947998	38.65447235107422
82.38479614257812	34.30622100830078	12.111551284790039	38.35324478149414
80.8388442993164	35.75510787963867	12.024202346801758	38.076637268066406
78.63542938232422	37.603492736816406	11.91169548034668	37.720367431640625
77.93619537353516	36.08211135864258	12.061918258666992	38.19607162475586
78.09822082519531	36.1839485168457	11.98962116241455	37.967124938964844
77.97077941894531	31.507373809814453	11.913412094116211	37.72579574584961
77.37841796875	29.87860679626465	12.01618480682373	38.05124282836914
77.06352233886719	29.994915008544922	11.933725357055664	37.790122985839844
73.0	31.0	15.0	43.0
73.0	31.0	12.0	39.0
72.0	32.0	13.0	38.0
72.0	32.0	12.0	36.0
71.0	33.0	11.0	36.0
69.0	32.0	11.0	36.0
68.0	32.0	11.0	36.0
68.0	32.0	10.0	36.0
67.0	32.0	10.0	35.0
66.0	31.0	11.0	36.0
65.0	31.0	11.0	35.0
65.0	31.0	10.0	34.0
64.0	30.0	10.0	35.0
63.0	31.0	10.0	35.0
62.0	31.0	10.0	35.0
60.0	31.0	11.0	35.0
59.0	30.0	12.0	36.0
59.0	30.0	10.0	34.0
57.0	31.0	11.0	35.0
56.0	30.0	10.0	35.0
55.0	29.0	11.0	34.0
54.0	29.0	12.0	35.0
54.0	29.0	10.0	34.0
52.0	28.0	12.0	37.0
52.0	29.0	12.0	36.0
50.0	28.0	13.0	37.0
50.0	30.0	11.0	34.0
49.0	30.0	11.0	34.0
49.0	30.0	10.0	33.0
47.0	29.0	11.0	35.0
46.0	29.0	11.0	34.0
45.0	29.0	11.0	34.0
44.0	29.0	11.0	34.0
44.0	30.0	10.0	33.0
43.0	28.0	10.0	35.0
42.0	27.0	10.0	34.0
40.0	26.0	12.0	36.0
40.0	29.0	10.0	33.0
39.0	27.0	11.0	35.0
39.0	27.0	10.0	35.0
38.0	27.0	10.0	34.0
36.0	27.0	12.0	36.0
35.0	27.0	12.0	34.0
35.0	27.0	10.0	34.0
34.0	26.0	11.0	35.0
34.0	27.0	10.0	34.0
32.0	26.0	11.0	35.0
32.0	25.0	11.0	35.0
32.0	25.0	10.0	34.0
31.0	27.0	10.0	33.0
29.0	26.0	12.0	34.0
30.0	28.0	10.0	32.0
29.0	26.0	10.0	34.0
28.0	25.0	11.0	35.0
27.0	24.0	12.0	36.0
27.0	27.0	11.0	32.0
27.0	26.0	12.0	34.0
27.0	25.0	12.0	36.0
27.0	27.0	11.0	32.0
27.0	25.0	11.0	35.0
26.0	23.0	12.0	37.0
26.0	23.0	12.0	37.0
26.0	22.0	12.0	38.0
26.0	22.0	12.0	38.0
26.0	21.0	12.0	39.0
26.0	21.0	12.0	39.0
26.0	21.0	12.0	39.0
26.0	23.0	12.0	37.0
26.0	24.0	12.0	36.0
26.0	25.0	12.0	35.0
26.0	23.0	12.0	37.0
26.0	23.0	12.0	37.0
26.0	24.0	12.0	36.0
27.0	32.0	8.0	27.0
28.0	25.0	11.0	34.0
28.0	26.0	11.0	34.0
28.0	26.0	12.0	33.0
29.0	26.0	10.0	33.0
29.0	24.0	11.0	35.0
29.0	25.0	12.0	35.0
31.0	26.0	10.0	33.0
31.0	27.0	10.0	33.0
31.0	27.0	10.0	32.0
32.0	27.0	10.0	33.0
33.0	26.0	10.0	33.0
33.0	27.0	11.0	33.0
35.0	27.0	10.0	34.0
35.0	27.0	10.0	33.0
36.0	27.0	10.0	32.0
35.0	27.0	12.0	33.0
35.0	27.0	12.0	33.0
37.0	26.0	11.0	34.0
38.0	26.0	11.0	36.0
39.0	26.0	11.0	36.0
39.0	27.0	11.0	35.0
40.0	28.0	11.0	34.0
41.0	29.0	12.0	34.0
42.0	28.0	12.0	36.0
43.0	29.0	12.0	34.0
44.0	28.0	11.0	35.0
46.0	30.0	11.0	33.0
47.0	28.0	11.0	33.0
46.0	28.0	13.0	36.0
48.0	30.0	11.0	34.0
48.0	28.0	11.0	37.0
49.0	28.0	11.0	37.0
50.0	28.0	12.0	37.0
51.0	28.0	12.0	37.0
52.0	30.0	11.0	35.0
53.0	30.0	11.0	35.0
54.0	29.0	11.0	37.0
55.0	30.0	11.0	35.0
56.0	31.0	11.0	34.0
57.0	31.0	11.0	35.0
58.0	30.0	11.0	35.0
59.0	31.0	10.0	34.0
60.0	31.0	10.0	34.0
60.0	31.0	11.0	34.0
61.0	31.0	11.0	36.0
63.0	30.0	11.0	36.0
63.0	31.0	11.0	35.0
64.0	32.0	10.0	33.0
65.0	32.0	10.0	34.0
67.0	32.0	10.0	34.0
68.0	32.0	10.0	34.0
70.0	31.0	9.0	34.0
69.0	32.0	12.0	35.0
71.0	29.0	12.0	39.0
72.0	32.0	11.0	36.0
72.0	32.0	13.0	38.0
73.0	31.0	13.0	40.0
73.0	32.0	13.0	39.0
73.64010620117188	31.80560302734375	12.8280668258667	38.48420333862305
74.33132934570312	32.61008834838867	12.852666854858398	38.558006286621094
76.0	34.0	13.0	39.0
77.0	34.0	13.0	38.0
77.9901351928711	33.71538543701172	13.009378433227539	38.02741622924805
77.8907699584961	34.737060546875	12.848332405090332	37.556663513183594
78.20821380615234	32.05537414550781	12.875370979309082	37.63570022583008
79.7401123046875	31.619464874267578	12.881614685058594	37.65394973754883
82.73775482177734	32.254249572753906	12.89671516418457	37.698089599609375
83.0968017578125	32.493568420410156	13.030766487121582	38.08993148803711
82.95834350585938	33.00328826904297	13.212808609008789	38.62205505371094
83.35584259033203	32.87108612060547	12.998295783996582	37.995018005371094
85.65257263183594	32.43849563598633	13.208963394165039	38.610816955566406
86.27912902832031	32.05767822265625	13.297218322753906	38.86879348754883
87.67268371582031	32.102142333984375	13.107976913452148	38.31563186645508
88.55159759521484	34.30825424194336	13.074119567871094	38.2166633605957
92.0	36.0	12.0	36.0
91.0	33.0	12.0	39.0
92.68623352050781	32.625244140625	11.841474533081055	38.48479080200195
94.0	39.0	12.0	34.0
97.0	41.0	10.0	32.0
96.0	36.0	12.0	37.0
96.50816345214844	32.34539031982422	12.044120788574219	37.13603591918945
97.52051544189453	34.300025939941406	11.956560134887695	36.866058349609375
98.0	40.0	12.0	32.0
98.91117095947266	39.1527099609375	11.969294548034668	31.918121337890625
100.37422180175781	38.94364547729492	12.042627334594727	32.11367416381836
102.39894104003906	38.87651062011719	12.167084693908691	32.445560455322266
103.03047180175781	39.48496627807617	12.476404190063477	33.27041244506836
103.97700500488281	39.206932067871094	12.669878005981445	33.78634262084961
104.89493560791016	39.77147674560547	12.750307083129883	34.000823974609375
105.1001205444336	38.52833938598633	12.869044303894043	34.31745147705078
105.2269287109375	39.69310760498047	12.828168869018555	34.20845031738281
106.50666809082031	38.83882141113281	13.033697128295898	34.75652313232422
109.85355377197266	40.28827667236328	12.985417366027832	34.62777328491211
108.87276458740234	40.391151428222656	13.086479187011719	34.89727020263672
110.720703125	40.22003173828125	13.087059020996094	34.8988151550293
110.94091796875	36.87961196899414	13.256170272827148	35.34978485107422
112.8558349609375	36.909175872802734	13.42681884765625	35.804847717285156
113.43721008300781	37.62800598144531	13.613642692565918	36.30304718017578
114.410400390625	36.981746673583984	13.810628890991211	36.828346252441406
118.1534652709961	37.09202194213867	13.870414733886719	36.98777770996094
119.41719055175781	38.41769790649414	13.851297378540039	36.93679428100586
120.8772964477539	36.493682861328125	13.992724418640137	37.31393051147461
121.78535461425781	36.43115997314453	14.059385299682617	37.49169158935547
123.45454406738281	36.65388870239258	13.846183776855469	36.923152923583984
123.64979553222656	37.00187683105469	13.84093189239502	36.90914535522461
123.61830139160156	34.221031188964844	14.16211223602295	37.765625
125.45440673828125	34.730674743652344	14.357023239135742	38.28538513183594
125.59727478027344	36.53145980834961	14.351943969726562	38.2718391418457
126.86006164550781	36.98443603515625	14.297136306762695	38.12568664550781
127.07794189453125	35.62940979003906	14.186094284057617	37.8295783996582
129.0	36.0	12.0	38.0
129.0	36.0	13.0	40.0
130.61141967773438	33.82959747314453	13.101056098937988	40.310943603515625
132.6629638671875	36.69948196411133	13.113801956176758	40.35016632080078
133.34170532226562	37.49921798706055	13.227879524230957	40.701175689697266
134.47256469726562	35.1511344909668	13.179399490356445	40.552005767822266
137.4265899658203	35.75281524658203	13.002774238586426	40.008541107177734
138.37783813476562	36.70017623901367	12.90015697479248	39.69279861450195
138.89669799804688	38.24601364135742	12.925310134887695	39.77019500732422
139.46160888671875	34.97865676879883	12.931131362915039	39.78810501098633
140.57736206054688	36.841819763183594	12.778172492980957	39.31746292114258
142.0	37.0	12.0	39.0
142.4449005126953	37.181610107421875	11.852209091186523	38.519676208496094
144.0	39.0	12.0	40.0
144.86697387695312	38.00560760498047	12.124261856079102	40.414207458496094
146.49853515625	40.06410598754883	11.951376914978027	39.837928771972656
148.05966186523438	38.692665100097656	11.744939804077148	39.149803161621094
149.75596618652344	35.81926345825195	11.931877136230469	39.772926330566406
150.81460571289062	37.556549072265625	11.71406078338623	39.046871185302734
150.88475036621094	36.637935638427734	11.608325004577637	38.694419860839844
151.0	38.0	11.0	37.0
154.0	40.0	10.0	35.0
155.0	41.0	11.0	35.0
157.0	40.0	11.0	38.0
157.0	41.0	11.0	36.0
159.0	40.0	9.0	36.0
160.0	40.0	10.0	37.0
160.72584533691406	41.733299255371094	10.01877498626709	36.685813903808594
162.44200134277344	40.130828857421875	10.2394380569458	37.49381637573242
162.9930877685547	41.12425994873047	10.354330062866211	37.79207992553711
163.35403442382812	40.96928405761719	10.37865161895752	37.88085174560547
166.0	40.0	10.0	37.0
166.69692993164062	41.81859588623047	10.162327766418457	37.545249938964844
168.52468872070312	41.75752639770508	10.214491844177246	37.500343322753906
170.25030517578125	41.693939208984375	10.410898208618164	38.221412658691406
170.31027221679688	39.847965240478516	10.47169303894043	38.444610595703125
171.61361694335938	39.967872619628906	10.644035339355469	39.07733154296875
173.0	41.0	11.0	36.0
172.0	40.0	13.0	39.0
174.0	41.0	12.0	39.0
174.39639282226562	45.224937438964844	11.995584487915039	38.98564910888672
174.76022338867188	45.13231658935547	12.010038375854492	39.032623291015625
177.39010620117188	46.12931442260742	11.98680305480957	38.95710754394531
178.9168701171875	49.837276458740234	11.924577713012695	38.75487518310547
183.57467651367188	61.35600662231445	11.808340072631836	38.377105712890625
182.93080139160156	60.5047721862793	11.837985038757324	38.47345733642578
187.7398681640625	73.9032974243164	11.76115608215332	38.22376251220703
186.99368286132812	71.6042251586914	11.728262901306152	38.116859436035156
183.73220825195312	70.7748794555664	11.746294021606445	38.17545700073242
184.8837432861328	78.11739349365234	11.644416809082031	37.84435272216797
195.41439819335938	77.82154846191406	11.655506134033203	37.880393981933594
197.07962036132812	75.31764221191406	11.66457748413086	37.909873962402344
200.77621459960938	77.86006927490234	11.802118301391602	38.35688018798828
201.4894561767578	74.20661163330078	11.985403060913086	38.952552795410156
221.34902954101562	73.82772827148438	11.809713363647461	38.381553649902344
220.48129272460938	72.91024780273438	11.610148429870605	37.73296356201172
220.26376342773438	72.4358139038086	11.705757141113281	38.04369354248047
220.1890411376953	73.28916931152344	11.65175724029541	37.86819076538086
220.0326690673828	72.5794906616211	11.615009307861328	37.748756408691406
220.36892700195312	74.43470764160156	11.6679048538208	37.9206657409668
220.25015258789062	73.6255874633789	11.591937065124512	37.673770904541016
220.37020874023438	73.9325942993164	11.472696304321289	37.2862434387207
220.19210815429688	72.87704467773438	11.671686172485352	37.932960510253906
219.88314819335938	71.33714294433594	11.714215278625488	38.07117462158203
220.47927856445312	72.70848083496094	11.69096851348877	37.99562454223633
219.9667205810547	72.18415832519531	11.88770866394043	38.63502883911133
219.8332977294922	70.6060562133789	12.03271770477295	39.10630798339844
220.49594116210938	73.30781555175781	11.995970726013184	38.98688507080078
220.13760375976562	72.74479675292969	12.144124984741211	39.4683837890625
220.6128692626953	72.0702133178711	12.239521980285645	39.77842330932617
220.39013671875	72.19479370117188	12.289318084716797	39.94025802612305
219.77938842773438	71.57147216796875	12.227964401245117	39.74086380004883
220.10140991210938	72.17957305908203	12.17275619506836	39.56143569946289
219.76119995117188	72.08984375	12.26285457611084	39.85425567626953
219.7939910888672	71.99156951904297	12.233439445495605	39.7586555480957
219.6404266357422	72.26538848876953	12.18358325958252	39.59662628173828
219.6478729248047	72.06318664550781	12.138469696044922	39.45001220703125
220.12875366210938	72.18907928466797	12.15935230255127	39.51787567138672
220.12948608398438	71.89225769042969	12.342050552368164	40.11164474487305
220.01156616210938	71.19435119628906	12.340934753417969	40.10802459716797
220.20706176757812	70.5750732421875	12.348344802856445	40.132102966308594
219.6873016357422	73.21094512939453	12.365548133850098	40.188011169433594
219.91162109375	72.42427062988281	12.489458084106445	40.590721130371094
219.90469360351562	72.00434875488281	12.644620895385742	41.09499740600586
220.1298370361328	72.2452163696289	12.566852569580078	40.842247009277344
219.75259399414062	71.74433898925781	12.555120468139648	40.80411911010742
220.0068359375	70.88101196289062	12.598520278930664	40.945167541503906
220.009765625	72.01100158691406	12.615826606750488	41.00141525268555
220.477783203125	72.18757629394531	12.532821655273438	40.731651306152344
219.57809448242188	70.72821807861328	12.450665473937988	40.46464538574219
220.00094604492188	73.13252258300781	12.521964073181152	40.69636917114258
220.2216339111328	71.6205825805664	12.456337928771973	40.48308563232422
219.94900512695312	72.55145263671875	12.386301040649414	40.25546646118164
220.46725463867188	73.29212951660156	12.411489486694336	40.33732986450195
220.14584350585938	72.85072326660156	12.514938354492188	40.67353439331055
220.0791473388672	71.65315246582031	12.772192001342773	41.509613037109375
220.01919555664062	72.41731262207031	12.787172317504883	41.55829620361328
220.05941772460938	72.7988510131836	12.844645500183105	41.745079040527344
219.99697875976562	71.49759674072266	12.915197372436523	41.97437286376953
220.0914764404297	71.10868835449219	12.987772941589355	42.210243225097656
220.27767944335938	70.79903411865234	12.973485946655273	42.16381072998047
219.9075927734375	70.65925598144531	13.029960632324219	42.34735870361328
219.56674194335938	70.68688201904297	13.215530395507812	42.95045852661133
219.4896697998047	70.49009704589844	13.162434577941895	42.77790069580078
219.821044921875	69.3512954711914	13.318562507629395	43.285316467285156
219.5595703125	69.75711059570312	13.449052810668945	43.709407806396484
220.06185913085938	68.43599700927734	13.370448112487793	43.453941345214844
220.05770874023438	68.76527404785156	13.486013412475586	43.82952880859375
220.13900756835938	67.62203216552734	13.458292961120605	43.73944091796875
219.9638671875	69.06634521484375	13.520761489868164	43.942466735839844
219.6566925048828	68.6158676147461	13.641980171203613	44.33642578125
219.5696258544922	69.1281967163086	13.669578552246094	44.426124572753906
219.28640747070312	68.69309997558594	13.922849655151367	45.2492561340332
220.18276977539062	69.2101058959961	13.842695236206055	44.98875045776367
219.2416534423828	67.93953704833984	13.88755989074707	45.134559631347656
220.0852508544922	68.7452621459961	13.797274589538574	44.84113311767578
219.81680297851562	67.85107421875	13.712064743041992	44.56420135498047
219.70382690429688	67.13752746582031	13.880375862121582	45.1112060546875
219.96133422851562	67.58790588378906	13.75239086151123	44.695255279541016
219.64639282226562	67.63352966308594	13.733818054199219	44.63489532470703
219.59207153320312	68.4012222290039	13.776037216186523	44.7721061706543
219.55105590820312	69.20101165771484	13.819262504577637	44.91259002685547
219.3149871826172	67.89646911621094	13.799799919128418	44.849334716796875
219.5338897705078	68.51519775390625	13.858271598815918	45.03936767578125
220.01806640625	67.96675109863281	13.919855117797852	45.23950958251953
219.65609741210938	68.73234558105469	14.033447265625	45.60868453979492
219.0751953125	67.67677307128906	14.06579303741455	45.71380615234375
219.7632293701172	67.74763488769531	14.221674919128418	46.220420837402344
219.654296875	66.65240478515625	14.379666328430176	46.73389434814453
219.73880004882812	67.34069061279297	14.409650802612305	46.83134460449219
219.0795135498047	67.52693176269531	14.3815279006958	46.73994827270508
218.6503143310547	65.81808471679688	14.32368278503418	46.55195236206055
218.96646118164062	68.13239288330078	14.221806526184082	46.220855712890625
220.23080444335938	66.19529724121094	14.568384170532227	47.34722900390625
219.2521209716797	67.12014770507812	14.35743522644043	46.661643981933594
219.823486328125	67.68128204345703	14.257365226745605	46.33641815185547
219.6437225341797	68.918212890625	14.34559154510498	46.62314987182617
219.9190216064453	67.02322387695312	14.166162490844727	46.04001235961914
219.89453125	68.4624252319336	14.089508056640625	45.79088592529297
219.59506225585938	68.64306640625	14.089805603027344	45.79185104370117
219.95993041992188	67.51506042480469	13.92859935760498	45.2679328918457
219.80087280273438	67.93110656738281	14.079238891601562	45.75750732421875
219.7025146484375	67.103759765625	14.321093559265137	46.54353332519531
219.95986938476562	68.90022277832031	14.400799751281738	46.802574157714844
219.8149871826172	68.50746154785156	14.330041885375977	46.572608947753906
220.2330322265625	67.49303436279297	14.23985767364502	46.27950668334961
220.2794647216797	67.47883605957031	14.40821647644043	46.8266716003418
219.818603515625	67.87379455566406	14.393697738647461	46.77948760986328
220.0616455078125	67.51823425292969	14.237817764282227	46.27288055419922
219.6474151611328	67.90812683105469	14.247953414916992	46.305824279785156
219.8014678955078	67.9597396850586	14.239230155944824	46.27747344970703
220.3400115966797	68.36238098144531	14.129045486450195	45.91937255859375
220.3377685546875	67.37025451660156	13.84553337097168	44.99795913696289
220.3764190673828	68.92539978027344	13.684557914733887	44.47478485107422
220.10629272460938	68.8353500366211	13.643844604492188	44.342472076416016
220.4100799560547	68.6057357788086	13.693148612976074	44.50271224975586
219.9186553955078	69.0183334350586	13.743295669555664	44.66569137573242
220.37841796875	69.55555725097656	13.59172534942627	44.1730842590332
220.37509155273438	68.89097595214844	13.756634712219238	44.709041595458984
220.088134765625	68.40274047851562	13.83820915222168	44.974159240722656
220.2305450439453	68.56380462646484	13.951005935668945	45.34075164794922
220.76205444335938	69.24842834472656	13.91911506652832	45.23710250854492
219.5386962890625	68.57923889160156	13.930941581726074	45.275535583496094
219.92153930664062	67.37349700927734	14.008096694946289	45.52628707885742
220.1818389892578	68.31648254394531	13.837667465209961	44.97239303588867
220.29354858398438	68.73338317871094	14.064410209655762	45.70930862426758
220.2179718017578	69.37458801269531	13.861968994140625	45.05137252807617
220.2900848388672	68.18174743652344	13.863619804382324	45.056739807128906
220.12850952148438	68.87193298339844	13.958349227905273	45.3646125793457
219.7372589111328	69.14411926269531	13.795709609985352	44.83603286743164
219.91513061523438	68.5040054321289	13.753351211547852	44.69837188720703
220.31674194335938	68.07196807861328	13.705572128295898	44.543094635009766
220.1443634033203	68.99747467041016	13.645544052124023	44.34800338745117
220.69522094726562	68.00492858886719	13.5771484375	44.12571334838867
219.81967163085938	69.73851013183594	13.489690780639648	43.84147262573242
219.7854766845703	68.9269027709961	13.750821113586426	44.690147399902344
219.74911499023438	68.847900390625	13.947293281555176	45.32868194580078
219.47409057617188	68.7855453491211	14.131677627563477	45.92793273925781
219.4342041015625	67.02015686035156	14.189732551574707	46.11661148071289
219.8271484375	68.90867614746094	14.16065788269043	46.022117614746094
219.4713897705078	67.22222900390625	14.217557907104492	46.2070426940918
219.58297729492188	67.36788177490234	14.28972053527832	46.44157028198242
219.9236602783203	67.19108581542969	14.352178573608398	46.64455795288086
219.2391815185547	67.22874450683594	14.588386535644531	47.412235260009766
219.04248046875	67.96502685546875	14.831143379211426	48.201194763183594
219.4613800048828	67.62738037109375	14.62824821472168	47.541786193847656
219.9723358154297	67.18728637695312	14.749094009399414	47.93453598022461
219.2483367919922	66.67232513427734	14.899724006652832	48.42407989501953
219.29443359375	66.25563049316406	14.970083236694336	48.652748107910156
219.34375	66.56385040283203	15.049020767211914	48.9093017578125
219.3047332763672	65.64794158935547	15.107385635375977	49.09898376464844
219.7539520263672	67.15205383300781	15.23518180847168	49.514320373535156
218.5780792236328	67.25791931152344	14.851325988769531	48.266788482666016
219.25039672851562	67.5942153930664	14.62763500213623	47.53978729248047
219.1776580810547	67.15089416503906	14.666666030883789	47.6666374206543
219.3032684326172	67.80369567871094	14.604291915893555	47.46392822265625
219.91592407226562	67.46687316894531	14.698883056640625	47.7713508605957
219.3549041748047	68.32979583740234	14.5739164352417	47.365211486816406
219.488525390625	66.40116119384766	14.644655227661133	47.595115661621094
219.26119995117188	64.88252258300781	14.621533393859863	47.51996994018555
219.44564819335938	66.73033142089844	14.755412101745605	47.955078125
219.0429229736328	65.83889770507812	14.730443954467773	47.873931884765625
219.15554809570312	67.027587890625	14.786333084106445	48.05556869506836
219.95834350585938	66.54883575439453	14.735674858093262	47.89093780517578
219.3115997314453	67.61849212646484	14.624933242797852	47.531028747558594
219.5896759033203	68.44212341308594	14.653581619262695	47.62412643432617
220.41659545898438	67.67192077636719	14.64667797088623	47.6016845703125
220.1032257080078	67.29513549804688	14.600805282592773	47.452598571777344
219.3624267578125	67.16463470458984	14.605120658874512	47.46662521362305
219.7003173828125	68.42012023925781	14.380620956420898	46.737003326416016
219.4017791748047	68.13079833984375	14.11559009552002	45.87565231323242
219.4421844482422	69.14158630371094	14.074908256530762	45.743438720703125
219.4098663330078	68.36965942382812	14.420461654663086	46.86648941040039
232.0	47.0	12.0	37.0
231.35617065429688	46.68771743774414	11.874910354614258	36.61430740356445
230.3529052734375	47.16898727416992	11.783479690551758	36.3323974609375
229.2626190185547	48.96281051635742	11.740513801574707	36.19991683959961
228.7697296142578	48.060386657714844	11.721563339233398	36.14148712158203
227.5534210205078	47.806312561035156	11.635605812072754	35.8764533996582
223.45639038085938	53.54331588745117	11.882061004638672	36.63636016845703
220.8687744140625	63.1923713684082	12.123688697814941	37.381378173828125
220.0982208251953	75.191650390625	12.200521469116211	37.61827850341797
220.7226104736328	74.29790496826172	12.27396297454834	37.84471893310547
220.2813720703125	73.71087646484375	12.586793899536133	38.80928039550781
220.2999267578125	73.76744079589844	12.673041343688965	39.0752067565918
220.22265625	74.86183166503906	12.669769287109375	39.06511688232422
220.514404296875	74.42575073242188	12.6277437210083	38.9355354309082
220.03622436523438	74.48052978515625	12.671107292175293	39.069236755371094
220.22494506835938	73.75350189208984	12.751104354858398	39.315895080566406
219.7200469970703	73.4986801147461	12.766977310180664	39.36483383178711
219.826904296875	74.368896484375	12.888666152954102	39.74003982543945
220.1133270263672	72.74244689941406	13.010841369628906	40.11675262451172
220.4004364013672	73.6847152709961	12.995222091674805	40.06859588623047
220.2867431640625	74.32695007324219	12.890556335449219	39.745872497558594
220.1166229248047	72.9643325805664	12.9716215133667	39.99582290649414
220.0570526123047	72.85748291015625	13.180562019348145	40.640052795410156
219.80691528320312	73.22172546386719	13.242971420288086	40.832481384277344
220.03555297851562	73.40882873535156	13.20708179473877	40.721824645996094
220.2212371826172	73.3287582397461	13.182286262512207	40.64537048339844
220.0786895751953	73.99640655517578	13.331562995910645	41.10564422607422
219.9953155517578	72.75965118408203	13.445416450500488	41.456687927246094
219.75674438476562	72.03248596191406	13.724746704101562	42.31795120239258
219.5897979736328	71.43601989746094	13.781869888305664	42.49407958984375
220.2190704345703	71.30562591552734	13.842625617980957	42.68141174316406
219.7062530517578	71.66648864746094	14.054293632507324	43.33405685424805
219.5068817138672	72.0334701538086	13.969758987426758	43.07340621948242
219.49972534179688	69.66117095947266	14.036066055297852	43.277854919433594
220.20327758789062	71.6630630493164	14.055723190307617	43.33846664428711
219.8323211669922	70.0453872680664	13.981950759887695	43.111000061035156
219.8412628173828	72.77867126464844	13.866094589233398	42.75377655029297
220.5459442138672	70.95628356933594	13.963261604309082	43.053375244140625
219.48440551757812	70.55551147460938	14.150247573852539	43.629913330078125
219.5145721435547	69.90570831298828	14.367677688598633	44.300323486328125
220.1085968017578	70.79232025146484	14.358102798461914	44.27080154418945
219.68270874023438	70.11927032470703	14.178308486938477	43.71643829345703
219.6063232421875	71.175537109375	13.89989948272705	42.858009338378906
219.7303466796875	71.62993621826172	13.881052017211914	42.79989242553711
219.8593292236328	71.69277954101562	13.937835693359375	42.9749755859375
219.66458129882812	70.82845306396484	14.051164627075195	43.32440948486328
219.877685546875	69.11295318603516	14.100077629089355	43.47522735595703
218.921630859375	70.4920883178711	14.064541816711426	43.365657806396484
219.6786346435547	70.85108947753906	14.170809745788574	43.693321228027344
219.64065551757812	69.71546173095703	14.211705207824707	43.81941223144531
219.52438354492188	71.37482452392578	13.999067306518555	43.163780212402344
220.1564483642578	70.3449478149414	13.921610832214355	42.92495346069336
220.114501953125	71.65243530273438	13.686269760131836	42.19931411743164
219.2611541748047	71.5757064819336	13.762556076049805	42.434532165527344
219.64968872070312	73.05375671386719	13.804308891296387	42.563270568847656
219.40805053710938	70.63883209228516	13.822298049926758	42.618736267089844
220.0794677734375	71.5663833618164	13.552203178405762	41.78594207763672
219.9383087158203	70.62979125976562	13.92583179473877	42.937957763671875
219.194580078125	70.22467041015625	13.95698356628418	43.03401184082031
219.56539916992188	70.51012420654297	13.980557441711426	43.10669708251953
219.1968231201172	70.9490966796875	13.950610160827637	43.014366149902344
219.41592407226562	70.9785385131836	13.992022514343262	43.142051696777344
219.7645721435547	70.43708801269531	13.974853515625	43.089115142822266
219.61767578125	69.47062683105469	14.138188362121582	43.59272766113281
219.169189453125	69.66915893554688	14.505824089050293	44.72626876831055
219.5403594970703	69.87882995605469	14.48716926574707	44.66874694824219
161.0	42.0	11.0	36.0
160.0	38.0	11.0	39.0
159.0	38.0	10.0	35.0
158.0	39.0	10.0	36.0
156.209716796875	41.12018585205078	10.13807201385498	36.06043243408203
155.0	41.0	10.0	33.0
154.0	42.0	10.0	33.0
152.0	40.0	11.0	37.0
150.0	39.0	12.0	37.0
150.0	41.0	10.0	36.0
150.27725219726562	39.9256706237793	10.169445991516113	36.282928466796875
149.2115020751953	37.12152862548828	10.170431137084961	36.184478759765625
148.63916015625	37.94649887084961	10.093450546264648	35.713294982910156
146.21139526367188	38.811927795410156	10.087347984313965	35.2883415222168
145.18038940429688	42.143577575683594	10.111366271972656	35.14398193359375
143.0	39.0	13.0	39.0
143.0	39.0	12.0	38.0
141.2442626953125	37.278076171875	12.294849395751953	38.933692932128906
140.0	40.0	12.0	36.0
138.95703125	41.79450225830078	12.010175704956055	36.0305290222168
138.4459686279297	41.3988037109375	12.003423690795898	36.010276794433594
137.00900268554688	39.227867126464844	12.107834815979004	36.32350540161133
136.0	42.0	10.0	32.0
135.92227172851562	39.569679260253906	10.0189208984375	31.435211181640625
134.6866912841797	38.993919372558594	10.127690315246582	31.633808135986328
132.4878387451172	40.087982177734375	10.197575569152832	31.85209083557129
130.0	41.0	11.0	35.0
129.7255401611328	38.25348663330078	10.93484115600586	34.79267501831055
129.6726531982422	37.591087341308594	10.982657432556152	34.94481658935547
129.3485107421875	38.29834747314453	11.10499095916748	35.33406066894531
128.34500122070312	36.27993392944336	11.207969665527344	35.661720275878906
125.6776351928711	37.37101745605469	11.289981842041016	35.92266845703125
124.88948059082031	39.36821365356445	11.325138092041016	36.03452682495117
124.2619857788086	36.911460876464844	11.164973258972168	35.52490997314453
123.0255355834961	36.36310577392578	11.204103469848633	35.64942169189453
122.59526062011719	37.365203857421875	11.10987663269043	35.349609375
122.02638244628906	35.37605667114258	11.305450439453125	35.971885681152344
121.42191314697266	33.81196212768555	11.31857967376709	36.0136604309082
118.44229888916016	35.85029602050781	11.412442207336426	36.31230926513672
117.32612609863281	37.283363342285156	11.314423561096191	36.000431060791016
115.966064453125	37.45026779174805	11.285881996154785	35.90961456298828
114.09139251708984	37.07927703857422	11.547735214233398	36.7427864074707
114.41312408447266	37.09784698486328	11.40145206451416	36.27733612060547
113.4385757446289	36.373138427734375	11.219306945800781	35.697784423828125
112.14620208740234	37.94355010986328	11.280415534973145	35.89221954345703
111.6018295288086	37.975772857666016	11.288473129272461	35.9178581237793
110.83003997802734	40.5712776184082	11.380441665649414	36.210487365722656
109.25628662109375	40.062713623046875	11.55002498626709	36.75007247924805
106.35323333740234	42.763832092285156	11.450654983520508	36.433895111083984
106.05709075927734	40.897151947021484	11.528685569763184	36.68217849731445
105.46757507324219	40.38102722167969	11.429113388061523	36.36536407470703
103.50434875488281	40.47270965576172	11.217806816101074	35.693023681640625
103.1059341430664	44.25647735595703	11.165444374084473	35.52641296386719
102.4206771850586	37.75618362426758	11.255120277404785	35.811744689941406
100.23389434814453	37.78709030151367	11.207002639770508	35.65864562988281
99.0973129272461	35.38994598388672	11.328298568725586	36.044586181640625
99.34847259521484	34.0260124206543	11.64421272277832	37.049766540527344
98.49485778808594	33.258277893066406	11.890848159790039	37.834510803222656
97.8840560913086	34.21500778198242	11.808342933654785	37.571990966796875
96.24613952636719	35.0214729309082	11.666253089904785	37.11988830566406
95.25086975097656	35.21977615356445	11.59947681427002	36.90741729736328
93.0	37.0	12.0	36.0
91.0	37.0	13.0	36.0
90.36084747314453	34.547767639160156	12.999455451965332	35.99849319458008
89.93357849121094	36.322269439697266	12.881599426269531	35.67212677001953
89.4864730834961	33.280548095703125	12.849105834960938	35.5821418762207
89.0	37.0	10.0	34.0
87.3310546875	38.39748764038086	10.104561805725098	34.003170013427734
86.72119140625	37.468406677246094	10.110773086547852	33.47865295410156
85.21820068359375	37.41647720336914	10.201154708862305	33.742469787597656
84.0	34.0	13.0	39.0
83.12989807128906	34.89080047607422	12.828378677368164	38.485130310058594
82.24348449707031	34.25271224975586	12.884023666381836	38.652069091796875
80.29597473144531	34.46344757080078	12.966723442077637	38.900169372558594
77.7547607421875	34.24053955078125	13.173665046691895	39.52099609375
77.64302062988281	34.602352142333984	13.218892097473145	39.65666961669922
77.79766082763672	34.66112518310547	13.13831615447998	39.414939880371094
78.27467346191406	34.09856414794922	13.1981201171875	39.59435272216797
76.75862121582031	32.52388000488281	13.242587089538574	39.727752685546875
75.0	32.0	15.0	40.0
73.90868377685547	30.628406524658203	14.825754165649414	39.535343170166016
73.0	32.0	14.0	39.0
72.0	30.0	13.0	40.0
71.0	32.0	14.0	38.0
71.0	31.0	13.0	38.0
69.0	31.0	11.0	37.0
68.0	31.0	10.0	37.0
67.0	32.0	10.0	35.0
67.0	31.0	10.0	36.0
66.0	32.0	10.0	35.0
65.0	32.0	11.0	35.0
64.0	31.0	11.0	36.0
64.0	31.0	10.0	35.0
63.0	31.0	11.0	36.0
62.0	31.0	11.0	36.0
61.0	32.0	11.0	34.0
60.0	32.0	11.0	34.0
59.0	31.0	11.0	35.0
58.0	32.0	11.0	34.0
57.0	31.0	11.0	35.0
56.0	30.0	11.0	36.0
55.0	30.0	11.0	35.0
54.0	30.0	11.0	35.0
53.0	29.0	11.0	36.0
52.0	29.0	12.0	36.0
52.0	29.0	11.0	35.0
51.0	29.0	11.0	34.0
50.0	28.0	11.0	35.0
48.0	29.0	12.0	35.0
49.0	29.0	10.0	35.0
47.0	29.0	12.0	35.0
46.0	29.0	12.0	35.0
46.0	28.0	11.0	35.0
44.0	30.0	11.0	33.0
42.0	29.0	13.0	35.0
43.0	30.0	11.0	32.0
42.0	32.0	9.0	30.0
41.0	29.0	9.0	32.0
38.0	28.0	12.0	35.0
37.0	27.0	13.0	35.0
40.0	25.0	9.0	23.0
43.70619583129883	25.369009017944336	9.259262084960938	25.975038528442383
36.0	26.0	11.0	36.0
36.0	26.0	11.0	35.0
37.04252243041992	26.625274658203125	11.126325607299805	35.40194320678711
35.921104431152344	26.861541748046875	11.028425216674805	35.0904426574707
32.0	26.0	11.0	36.0
32.0	26.0	12.0	36.0
32.0	26.0	12.0	35.0
33.0	27.0	11.0	34.0
31.0	27.0	12.0	34.0
31.0	27.0	10.0	34.0
30.0	28.0	10.0	33.0
30.0	27.0	10.0	33.0
29.0	26.0	12.0	35.0
28.0	25.0	12.0	35.0
26.0	27.0	12.0	34.0
26.0	28.0	11.0	33.0
26.0	26.0	12.0	34.0
26.0	28.0	10.0	32.0
25.0	26.0	11.0	34.0
25.0	26.0	10.0	34.0
23.0	27.0	13.0	34.0
24.0	30.0	11.0	31.0
22.748876571655273	30.225656509399414	10.987621307373047	30.965112686157227
22.0	33.0	10.0	27.0
23.0	34.0	8.0	26.0
21.992218017578125	34.797691345214844	10.0	25.99489402770996
23.0	33.0	8.0	27.0
21.65446662902832	32.8635139465332	10.0	26.827383041381836
21.801555633544922	33.22602844238281	10.130789756774902	27.069183349609375
22.429319381713867	34.14449691772461	10.176056861877441	27.050521850585938
22.460012435913086	35.00059127807617	10.160905838012695	26.913232803344727
22.746700286865234	35.094688415527344	10.164251327514648	26.763126373291016
22.25949478149414	34.88985061645508	10.18259048461914	26.65248680114746
22.385581970214844	34.04754638671875	10.248762130737305	26.67416763305664
23.0	29.0	12.0	32.0
24.0	26.0	11.0	33.0
24.506656646728516	28.744335174560547	10.796838760375977	32.3905143737793
24.0	30.0	11.0	30.0
24.827194213867188	30.502649307250977	10.813684463500977	29.491870880126953
25.0	26.0	12.0	34.0
25.0	27.0	11.0	33.0
25.0	26.0	13.0	34.0
26.0	26.0	12.0	34.0
26.0	29.0	11.0	31.0
27.0	26.0	11.0	34.0
28.0	28.0	11.0	32.0
29.0	28.0	10.0	32.0
29.0	26.0	11.0	34.0
30.0	26.0	10.0	34.0
30.0	26.0	11.0	34.0
31.0	28.0	10.0	32.0
32.0	27.0	10.0	33.0
33.0	26.0	10.0	34.0
33.0	27.0	10.0	34.0
33.0	27.0	11.0	34.0
34.0	28.0	10.0	32.0
35.0	27.0	10.0	34.0
36.0	29.0	10.0	33.0
37.0	28.0	10.0	34.0
38.0	28.0	10.0	33.0
38.0	27.0	12.0	35.0
39.0	28.0	11.0	35.0
41.0	29.0	10.0	33.0
41.0	28.0	10.0	35.0
41.0	28.0	11.0	35.0
42.0	29.0	11.0	34.0
43.0	29.0	11.0	34.0
43.0	29.0	11.0	34.0
45.0	29.0	11.0	35.0
46.0	30.0	10.0	33.0
46.0	28.0	12.0	35.0
48.0	30.0	10.0	34.0
49.0	28.0	10.0	34.0
49.53998565673828	29.309123992919922	10.054143905639648	33.53071975708008
50.0	30.0	11.0	33.0
51.0	29.0	11.0	36.0
52.0	29.0	11.0	35.0
53.0	29.0	10.0	35.0
54.0	29.0	11.0	36.0
54.0	30.0	11.0	34.0
55.0	30.0	11.0	35.0
56.0	29.0	11.0	36.0
58.0	31.0	10.0	34.0
59.0	31.0	11.0	34.0
60.0	31.0	11.0	35.0
61.0	31.0	11.0	35.0
62.0	31.0	10.0	35.0
63.0	31.0	11.0	35.0
63.0	31.0	11.0	36.0
64.0	31.0	11.0	36.0
65.0	31.0	11.0	37.0
65.0	33.0	11.0	34.0
66.0	33.0	11.0	34.0
67.0	33.0	11.0	35.0
68.0	32.0	11.0	36.0
70.0	33.0	11.0	35.0
71.0	32.0	11.0	36.0
72.0	31.0	14.0	39.0
73.0	31.0	12.0	39.0
73.46842956542969	28.947986602783203	12.012176513671875	39.039573669433594
73.33168029785156	29.590335845947266	12.03357982635498	39.109127044677734
75.5143051147461	31.566905975341797	12.255674362182617	39.83094024658203
76.36934661865234	34.12194061279297	12.2156343460083	39.700809478759766
78.05516052246094	31.19744300842285	12.375300407409668	40.2197265625
77.94775390625	30.982147216796875	12.319804191589355	40.03936767578125
77.97190856933594	29.803462982177734	12.121668815612793	39.39542770385742
78.66693115234375	31.313390731811523	12.119848251342773	39.38951110839844
79.64558410644531	32.95929718017578	12.33906078338623	40.101951599121094
81.52384948730469	32.4370002746582	12.549348831176758	40.78538513183594
82.6343002319336	33.3832893371582	12.666956901550293	41.16761016845703
84.0	32.0	12.0	39.0
83.54515838623047	32.97218704223633	12.008842468261719	39.02873611450195
87.0	33.0	11.0	36.0
87.6981430053711	35.050296783447266	10.850672721862793	35.51129150390625
89.0	41.0	10.0	30.0
89.8553237915039	40.5109748840332	10.068487167358398	29.715112686157227
91.0	37.0	11.0	35.0
92.0	35.0	12.0	38.0
92.50447845458984	34.69219207763672	11.827485084533691	37.453697204589844
93.86933898925781	33.35364532470703	11.656959533691406	36.9136962890625
95.13298034667969	34.55065155029297	11.72139835357666	37.11775207519531
96.92948913574219	35.144981384277344	11.763569831848145	37.25129318237305
98.21375274658203	36.152530670166016	11.824996948242188	37.44580841064453
99.27445983886719	34.24523162841797	11.836398124694824	37.481910705566406
99.62545013427734	33.701995849609375	11.655319213867188	36.90848922729492
100.68925476074219	34.229881286621094	11.572721481323242	36.646934509277344
102.26524353027344	35.845497131347656	11.710283279418945	37.082550048828125
103.27337646484375	41.069557189941406	11.683992385864258	36.999298095703125
103.37353515625	38.48975372314453	11.652200698852539	36.898624420166016
104.3455810546875	38.07489776611328	11.605951309204102	36.752166748046875
104.87308502197266	38.956077575683594	11.478904724121094	36.349853515625
105.4544906616211	41.511802673339844	11.459709167480469	36.289066314697266
106.18238830566406	42.0291862487793	11.551678657531738	36.58030700683594
108.54736328125	41.1961784362793	11.615316390991211	36.78182601928711
109.3069076538086	41.10390853881836	11.522259712219238	36.487144470214844
109.48033142089844	43.953277587890625	11.602570533752441	36.74146270751953
109.94960021972656	41.20856475830078	11.70109748840332	37.053462982177734
111.57418060302734	39.2371711730957	11.66901969909668	36.951881408691406
114.0024642944336	38.418701171875	11.627863883972168	36.821556091308594
113.98968505859375	37.324668884277344	11.794689178466797	37.34983825683594
116.61607360839844	35.847938537597656	11.717303276062012	37.10478210449219
116.54399108886719	39.006927490234375	11.630892753601074	36.83115005493164
116.81001281738281	38.99371337890625	11.634029388427734	36.84107971191406
118.0962905883789	37.40289306640625	11.830464363098145	37.4631233215332
119.2603759765625	35.513267517089844	11.690802574157715	37.0208625793457
120.52530670166016	37.843849182128906	11.548051834106445	36.568817138671875
122.0594711303711	37.1795539855957	11.702499389648438	37.057899475097656
121.0	35.0	13.0	38.0
122.0	37.0	13.0	37.0
122.34925842285156	39.2029914855957	12.878857612609863	36.65520477294922
122.75877380371094	38.09803009033203	12.732948303222656	36.239925384521484
122.5933609008789	37.35966110229492	12.715326309204102	36.18976974487305
123.32454681396484	37.2144775390625	12.793968200683594	36.413597106933594
123.13822937011719	37.17515563964844	12.938901901245117	36.82610321044922
123.1960220336914	37.30066680908203	13.02351188659668	37.066917419433594
123.67283630371094	37.659996032714844	12.982004165649414	36.94878005981445
124.90301513671875	38.24237060546875	13.016146659851074	37.04595947265625
125.06999206542969	37.81767654418945	12.941561698913574	36.83368682861328
126.0952377319336	39.621177673339844	12.864202499389648	36.6135139465332
126.43172454833984	39.38905334472656	12.755060195922852	36.302879333496094
