322.0	131.0	22.0	41.0
322.0	131.0	22.0	41.0
321.0	129.0	24.0	44.0
320.0	128.0	25.0	45.0
318.0	123.0	28.0	50.0
317.0	124.0	26.0	46.0
316.0	123.0	24.0	45.0
313.0	123.0	25.0	45.0
311.0	121.0	25.0	46.0
310.0	122.0	24.0	46.0
308.0	124.0	23.0	43.0
306.0	126.0	23.0	42.0
303.0	128.0	23.0	42.0
301.0	128.0	24.0	43.0
302.0	131.0	23.0	40.0
300.0	129.0	24.0	44.0
298.0	128.0	24.0	44.0
296.0	126.0	24.0	44.0
293.0	123.0	26.0	47.0
291.0	123.0	24.0	45.0
289.0	124.0	24.0	43.0
289.0	126.0	21.0	39.0
284.0	126.0	22.0	39.0
278.3728332519531	128.1697540283203	21.956295013427734	38.922523498535156
274.10882568359375	128.50387573242188	21.97610855102539	38.95764923095703
270.58343505859375	130.3817901611328	22.018285751342773	39.03242111206055
269.62872314453125	131.46697998046875	22.12947654724121	39.22953414916992
269.5323791503906	133.62777709960938	22.482919692993164	39.85609436035156
268.0	131.0	21.0	38.0
265.0	130.0	22.0	39.0
263.3508605957031	128.69007873535156	21.993356704711914	38.98822784423828
260.58233642578125	126.20501708984375	21.764657974243164	38.58280563354492
255.77328491210938	125.27239990234375	21.76102066040039	38.57636260986328
253.0	125.0	21.0	39.0
248.0	124.0	22.0	39.0
242.60250854492188	123.97802734375	21.696231842041016	38.46150207519531
238.54135131835938	124.60221099853516	21.660320281982422	38.39784622192383
233.728515625	126.4185791015625	21.669300079345703	38.413761138916016
232.27139282226562	127.6458511352539	21.56204605102539	38.22362518310547
229.95620727539062	129.76406860351562	21.341541290283203	37.83272933959961
228.23696899414062	129.4795379638672	21.737123489379883	38.53398895263672
227.0	132.0	20.0	34.0
224.63644409179688	128.0948944091797	19.824520111083984	33.701683044433594
222.1260986328125	128.8749542236328	19.829204559326172	33.70964813232422
218.0841827392578	125.27935791015625	20.169239044189453	34.28770446777344
214.8125457763672	124.16976165771484	20.518123626708984	34.88080596923828
209.6331024169922	123.78668212890625	20.8255558013916	35.403438568115234
204.1084747314453	122.9598388671875	20.994518280029297	35.690673828125
200.8202667236328	122.49708557128906	20.855796813964844	35.4548454284668
196.55209350585938	125.45953369140625	21.17868995666504	36.003761291503906
193.8153839111328	125.7736587524414	21.014474868774414	35.72459030151367
190.86373901367188	128.0534210205078	21.094284057617188	35.86026382446289
189.2480010986328	128.9197540283203	21.48171615600586	36.518898010253906
185.99005126953125	127.538330078125	22.147668838500977	37.65101623535156
184.68849182128906	124.8335952758789	22.086198806762695	37.54651641845703
181.37973022460938	124.39986419677734	21.97279930114746	37.353736877441406
177.4910888671875	124.01859283447266	22.35526466369629	38.003929138183594
177.0	127.0	17.0	30.0
172.15367126464844	126.66670989990234	17.121408462524414	30.214248657226562
169.43972778320312	125.3202896118164	17.36444664001465	30.643142700195312
164.67010498046875	125.18885803222656	17.573284149169922	31.01167869567871
161.05471801757812	125.09259033203125	17.99435043334961	31.754735946655273
156.33950805664062	125.85749816894531	18.12743377685547	31.989587783813477
153.15423583984375	127.08677673339844	18.354930877685547	32.39105224609375
150.4375	127.46683502197266	18.299795150756836	32.29375457763672
149.53213500976562	129.10226440429688	18.269237518310547	32.239830017089844
147.10060119628906	129.52011108398438	18.429658889770508	32.522926330566406
144.0	126.0	19.0	36.0
142.51113891601562	125.49717712402344	18.80072593688965	35.62242889404297
139.11184692382812	123.7702407836914	18.490768432617188	35.03514099121094
135.824462890625	122.53413391113281	18.37656021118164	34.818748474121094
131.0	121.0	20.0	36.0
127.70820617675781	120.49139404296875	20.055654525756836	36.10017776489258
124.7890625	121.74332427978516	20.017253875732422	36.03105545043945
120.3379898071289	120.6853256225586	20.061792373657227	36.11122512817383
116.51249694824219	122.15861511230469	20.140710830688477	36.25327682495117
113.61219787597656	121.7650146484375	20.378665924072266	36.68159484863281
111.01881408691406	123.5842514038086	20.508968353271484	36.91614532470703
108.75	124.9217300415039	20.39446449279785	36.71003341674805
111.0	127.0	15.0	33.0
109.01953125	127.6161117553711	15.024572372436523	33.05406188964844
103.0	125.0	19.0	34.0
98.0	121.0	21.0	37.0
95.37503814697266	120.71513366699219	20.600740432739258	36.29654312133789
94.0	120.0	20.0	37.0
91.0	120.0	19.0	35.0
90.06502532958984	119.60916900634766	18.8409423828125	34.70699691772461
84.9369888305664	121.43070983886719	18.353906631469727	33.80982208251953
81.39086151123047	121.9608383178711	18.328664779663086	33.76332473754883
78.57365417480469	124.0400619506836	18.116554260253906	33.372596740722656
75.41617584228516	124.4212646484375	18.484888076782227	34.05110168457031
73.5428695678711	125.9559555053711	18.661495208740234	34.37643051147461
71.0	126.0	17.0	32.0
69.86470031738281	124.74337005615234	16.88709831237793	31.7874813079834
67.0	121.0	20.0	37.0
65.0	120.0	20.0	37.0
62.33186721801758	118.835205078125	20.201780319213867	37.373294830322266
58.83563995361328	118.72868347167969	20.029560089111328	37.054691314697266
60.0	126.0	15.0	27.0
54.5502815246582	124.32505798339844	14.989629745483398	26.981332778930664
51.17780685424805	123.10623931884766	15.16963005065918	27.305334091186523
47.05805206298828	124.02436828613281	15.3543119430542	27.63776206970215
44.61009979248047	125.29093933105469	15.104626655578613	27.188329696655273
41.906314849853516	125.61235046386719	15.185522079467773	27.333942413330078
39.61837387084961	127.2160415649414	15.490160942077637	27.88228988647461
41.0	135.0	12.0	21.0
38.0	132.0	12.0	24.0
37.0	128.0	16.0	29.0
32.0	122.0	19.0	33.0
30.113866806030273	122.53858947753906	18.692047119140625	32.46513748168945
26.556598663330078	120.60523986816406	18.79267120361328	32.6399040222168
23.508853912353516	119.79301452636719	18.664627075195312	32.417510986328125
19.74147605895996	119.23173522949219	18.92857551574707	32.875946044921875
16.742237091064453	120.22428894042969	18.726093292236328	32.52426528930664
14.666107177734375	120.0347900390625	18.56390380859375	32.24257278442383
11.938639640808105	121.84465026855469	18.347705841064453	31.8670711517334
6.7312822341918945	123.10539245605469	18.39990997314453	31.957738876342773
