67.0	79.0	11.0	31.0
67.0	78.0	11.0	31.0
68.0	79.0	10.0	30.0
68.0	79.0	11.0	30.0
69.0	81.0	10.0	28.0
69.0	80.0	10.0	30.0
69.0	80.0	11.0	29.0
69.0	80.0	11.0	30.0
71.0	80.0	10.0	29.0
70.0	78.0	11.0	30.0
71.0	78.0	10.0	31.0
71.0	77.0	11.0	32.0
71.0	77.0	11.0	32.0
72.0	76.0	11.0	33.0
71.0	78.0	11.0	31.0
72.0	77.0	10.0	32.0
70.0	75.0	13.0	35.0
73.0	78.0	11.0	31.0
75.0	78.0	10.0	30.0
74.0	77.0	11.0	32.0
76.0	77.0	10.0	32.0
75.0	78.0	11.0	30.0
76.0	77.0	11.0	32.0
77.0	76.0	10.0	34.0
78.0	76.0	10.0	33.0
78.0	77.0	10.0	32.0
80.0	77.0	10.0	32.0
81.0	78.0	10.0	31.0
81.0	79.0	10.0	30.0
81.0	76.0	10.0	33.0
82.0	77.0	10.0	32.0
82.0	79.0	10.0	29.0
82.0	81.0	10.0	26.0
83.0	80.0	10.0	27.0
83.57865905761719	80.07987976074219	10.066777229309082	27.0506591796875
84.0	77.0	10.0	32.0
85.0	77.0	10.0	31.0
85.0	77.0	10.0	32.0
86.0	77.0	9.0	31.0
85.0	76.0	11.0	32.0
87.0	79.0	9.0	29.0
86.74345397949219	77.3620376586914	10.0	28.785974502563477
88.0	79.0	9.0	29.0
87.28254699707031	78.97693634033203	10.0	29.175037384033203
87.15628051757812	79.50666809082031	10.038983345031738	29.0781307220459
88.5667495727539	79.99093627929688	10.080106735229492	28.642786026000977
88.0	78.0	12.0	29.0
88.0	78.0	12.0	30.0
90.0	78.0	10.0	29.0
89.0	79.0	12.0	28.0
90.13850402832031	79.12968444824219	12.178545951843262	28.416610717773438
90.3718032836914	77.2369613647461	12.268664360046387	28.62688636779785
91.37776947021484	77.6302261352539	12.513866424560547	29.199024200439453
93.0	76.0	10.0	32.0
94.00279235839844	76.72374725341797	10.060678482055664	31.54312515258789
94.0	77.0	9.0	31.0
94.8736801147461	77.2271499633789	10.0	31.409317016601562
95.6729736328125	77.82302856445312	10.170114517211914	31.895587921142578
96.02200317382812	77.49349212646484	10.122430801391602	31.436914443969727
96.0	79.0	10.0	27.0
95.0	77.0	12.0	30.0
96.29169464111328	78.15702056884766	11.870926856994629	29.677316665649414
96.02388000488281	76.62966918945312	11.73404312133789	29.33510398864746
97.14122009277344	77.63560485839844	11.887540817260742	29.718847274780273
99.31166076660156	78.32322692871094	11.898690223693848	29.746719360351562
99.0	76.0	10.0	30.0
99.0	77.0	12.0	29.0
101.0	85.0	8.0	21.0
101.0	77.0	10.0	28.0
101.36460876464844	78.81309509277344	10.210599899291992	28.589675903320312
102.05831909179688	79.181396484375	10.185222625732422	28.518619537353516
102.0473403930664	77.62492370605469	10.372967720031738	29.0443058013916
102.92724609375	77.57003021240234	10.303693771362305	28.782588958740234
103.05745697021484	78.44277954101562	10.462935447692871	29.227420806884766
103.0	77.0	10.0	30.0
104.0	79.0	10.0	27.0
104.40252685546875	80.29081726074219	10.100750923156738	27.10137367248535
104.0	77.0	12.0	32.0
104.86373138427734	77.07960510253906	11.701667785644531	31.20444679260254
107.0	75.0	12.0	33.0
105.4476318359375	76.13868713378906	11.927253723144531	32.799949645996094
108.0	77.0	10.0	29.0
108.0	75.0	10.0	30.0
109.0	75.0	10.0	30.0
110.0	76.0	10.0	30.0
110.0	75.0	10.0	32.0
110.0	75.0	12.0	31.0
110.0	75.0	12.0	32.0
110.22259521484375	75.09391784667969	12.034157752990723	32.091087341308594
109.99957275390625	76.51416778564453	12.04814338684082	32.128379821777344
111.10554504394531	76.6038818359375	11.905891418457031	31.749042510986328
111.0	75.0	12.0	32.0
111.20314025878906	76.04273223876953	12.113157272338867	32.301753997802734
112.11701965332031	76.20185852050781	12.122625350952148	32.327003479003906
112.81330871582031	76.31209564208984	11.98117733001709	31.949810028076172
113.0	74.0	12.0	33.0
114.0	75.0	11.0	31.0
115.0	76.0	10.0	30.0
116.0	74.0	10.0	32.0
116.0	73.0	10.0	32.0
117.0	75.0	9.0	30.0
117.0	75.0	10.0	29.0
118.0	75.0	10.0	30.0
118.0	76.0	10.0	29.0
118.0	77.0	11.0	27.0
119.0	76.0	11.0	30.0
120.0	76.0	10.0	31.0
120.0	76.0	11.0	29.0
120.0	76.0	12.0	30.0
121.0	77.0	11.0	29.0
121.0	75.0	10.0	31.0
122.0	75.0	10.0	30.0
122.0	75.0	11.0	30.0
123.0	75.0	10.0	30.0
124.0	75.0	10.0	30.0
125.0	75.0	10.0	30.0
126.0	76.0	9.0	29.0
126.0	76.0	9.0	29.0
126.0	75.0	10.0	30.0
127.0	76.0	9.0	29.0
127.0	75.0	9.0	30.0
127.0	75.0	10.0	30.0
127.0	75.0	10.0	30.0
128.0	75.0	10.0	30.0
129.0	75.0	10.0	31.0
129.0	76.0	11.0	29.0
130.0	75.0	10.0	30.0
131.0	75.0	9.0	29.0
132.0	78.0	9.0	27.0
132.0	77.0	9.0	29.0
133.0	77.0	9.0	28.0
133.0	77.0	9.0	28.0
133.0	78.0	9.0	28.0
133.42617797851562	77.1835708618164	10.0	27.922626495361328
134.0	78.0	10.0	27.0
133.76437377929688	77.46562194824219	10.109533309936523	26.978588104248047
134.0	77.0	11.0	28.0
135.0	77.0	9.0	28.0
136.0	78.0	9.0	27.0
136.0	77.0	10.0	28.0
136.0	77.0	11.0	28.0
137.0	78.0	10.0	27.0
137.0	77.0	9.0	28.0
138.0	78.0	9.0	26.0
138.0	78.0	9.0	27.0
138.0	77.0	9.0	27.0
139.0	77.0	10.0	27.0
139.0	75.0	11.0	30.0
140.0	75.0	10.0	29.0
141.0	78.0	9.0	27.0
141.0	78.0	10.0	27.0
140.0	76.0	12.0	30.0
142.0	76.0	11.0	30.0
144.0	80.0	11.0	26.0
142.0	78.0	12.0	28.0
144.0	79.0	11.0	27.0
145.0	79.0	10.0	28.0
145.0	79.0	10.0	28.0
144.0	79.0	10.0	27.0
146.0	79.0	9.0	27.0
147.0	78.0	9.0	28.0
146.0	78.0	10.0	28.0
146.0	79.0	10.0	27.0
147.0	77.0	9.0	29.0
147.0	78.0	10.0	29.0
147.84324645996094	76.95301818847656	10.114062309265137	29.25278663635254
147.0	78.0	10.0	29.0
147.4032440185547	79.42766571044922	10.022130966186523	28.418548583984375
148.500244140625	80.52235412597656	10.087244033813477	28.226852416992188
149.3502960205078	80.08422088623047	10.166496276855469	28.365392684936523
150.0	82.0	8.0	24.0
150.0	81.0	9.0	26.0
150.0	81.0	9.0	26.0
150.90463256835938	79.96654510498047	10.0	25.251853942871094
151.48556518554688	79.02263641357422	10.05052375793457	25.104541778564453
152.06936645507812	79.7773208618164	10.067855834960938	24.817943572998047
153.0	81.0	8.0	25.0
153.0	80.0	8.0	27.0
153.0	81.0	9.0	25.0
154.0	81.0	8.0	25.0
154.52723693847656	81.11363983154297	10.0	24.545400619506836
155.21665954589844	79.81793975830078	10.024118423461914	24.230165481567383
154.97137451171875	80.25862121582031	10.095314025878906	24.304546356201172
156.0	81.0	9.0	26.0
156.0	81.0	10.0	25.0
157.0	81.0	9.0	25.0
157.0	81.0	9.0	26.0
158.0	81.0	8.0	26.0
159.0	82.0	9.0	25.0
160.0	82.0	8.0	26.0
160.0	81.0	8.0	27.0
159.0	80.0	9.0	28.0
160.0	80.0	9.0	27.0
160.0	81.0	9.0	25.0
160.0	81.0	9.0	26.0
159.90133666992188	79.99466705322266	10.0	26.204559326171875
159.8722381591797	80.83167266845703	10.068097114562988	26.25226402282715
159.3498077392578	80.76094055175781	10.175827026367188	26.44283676147461
162.0	82.0	8.0	23.0
162.0	81.0	8.0	25.0
162.0	81.0	8.0	25.0
162.0	80.0	9.0	27.0
163.0	80.0	9.0	26.0
162.0	81.0	9.0	26.0
163.0	81.0	9.0	26.0
163.0	81.0	8.0	26.0
163.0	81.0	8.0	25.0
164.0	81.0	8.0	26.0
164.0	81.0	8.0	26.0
164.0	82.0	9.0	25.0
165.0	83.0	7.0	24.0
165.0	83.0	7.0	24.0
165.0	82.0	8.0	25.0
165.0	82.0	9.0	25.0
165.0	82.0	9.0	25.0
166.0	82.0	8.0	25.0
166.0	81.0	8.0	26.0
166.0	81.0	8.0	26.0
166.0	81.0	9.0	26.0
166.0	80.0	9.0	26.0
166.0	81.0	9.0	26.0
166.0	81.0	9.0	26.0
166.0	82.0	8.0	24.0
167.0	82.0	8.0	24.0
166.0	82.0	9.0	24.0
167.0	83.0	8.0	23.0
167.0	82.0	8.0	25.0
167.0	82.0	9.0	25.0
167.0	82.0	9.0	25.0
167.0	82.0	9.0	25.0
167.0	82.0	9.0	25.0
168.0	81.0	8.0	26.0
168.0	80.0	9.0	27.0
168.0	82.0	9.0	25.0
169.0	81.0	8.0	26.0
169.0	81.0	8.0	26.0
169.0	81.0	9.0	26.0
169.0	82.0	9.0	25.0
170.0	80.0	9.0	27.0
170.0	82.0	9.0	24.0
171.0	82.0	8.0	25.0
171.0	83.0	8.0	23.0
171.0	80.0	8.0	27.0
171.0	82.0	8.0	24.0
171.0	82.0	9.0	24.0
172.0	80.0	8.0	26.0
172.0	80.0	9.0	26.0
172.0	82.0	8.0	24.0
170.98715209960938	82.1520767211914	10.0	23.891637802124023
171.4822998046875	81.93885803222656	10.157336235046387	24.074485778808594
171.42257690429688	82.26350402832031	10.155084609985352	23.98311996459961
172.0	83.0	9.0	23.0
172.0540008544922	83.17459106445312	10.0	22.69783592224121
171.9768524169922	82.65116882324219	10.090112686157227	22.3900146484375
172.3496856689453	83.06342315673828	10.080791473388672	22.331403732299805
172.3931884765625	83.1009292602539	10.123446464538574	22.33159828186035
172.15390014648438	83.48878479003906	10.087056159973145	22.041240692138672
172.52169799804688	83.01441955566406	10.243894577026367	22.383947372436523
173.0	83.0	9.0	25.0
172.9158172607422	81.64148712158203	10.0	24.92862319946289
173.0206756591797	80.30567169189453	10.121142387390137	25.23061752319336
173.53509521484375	81.38137817382812	10.166487693786621	25.10695457458496
173.1016082763672	81.74681091308594	10.445326805114746	25.795568466186523
172.7496795654297	81.49150848388672	10.483672142028809	25.8902645111084
172.68084716796875	81.659423828125	10.39098834991455	25.661373138427734
172.94161987304688	81.50638580322266	10.414201736450195	25.718700408935547
173.0557098388672	81.30540466308594	10.42263126373291	25.739517211914062
173.1373748779297	81.37458801269531	10.42980670928955	25.75723648071289
175.0	83.0	9.0	24.0
173.83944702148438	82.53898620605469	10.0	24.18002700805664
175.0	83.0	8.0	24.0
173.67727661132812	82.50611114501953	10.0	24.06106185913086
176.0	82.0	9.0	25.0
174.5098876953125	82.29459381103516	10.0	24.86517333984375
174.28170776367188	82.59203338623047	10.010751724243164	24.575307846069336
174.34750366210938	81.60133361816406	10.159919738769531	24.75507926940918
174.4263916015625	82.10551452636719	10.119216918945312	24.520442962646484
174.93814086914062	81.29609680175781	10.110357284545898	24.464637756347656
174.53610229492188	81.1666259765625	10.200614929199219	24.566808700561523
174.31494140625	81.91371154785156	10.36178207397461	24.954957962036133
174.23463439941406	81.47373962402344	10.617915153503418	25.571819305419922
174.67977905273438	81.76870727539062	10.423272132873535	25.103046417236328
174.71998596191406	81.4145278930664	10.447683334350586	25.161842346191406
174.4947052001953	82.30610656738281	10.448832511901855	25.164608001708984
174.48797607421875	82.07208251953125	10.467830657958984	25.210363388061523
174.39987182617188	81.11502075195312	10.703519821166992	25.777990341186523
174.44735717773438	81.99594116210938	10.786931991577148	25.9788761138916
174.68492126464844	81.51985168457031	10.659585952758789	25.67218017578125
177.0	81.0	9.0	27.0
177.0	80.0	9.0	28.0
177.0	80.0	9.0	28.0
177.0	80.0	9.0	28.0
177.0	83.0	8.0	23.0
177.0	83.0	8.0	23.0
177.0	83.0	8.0	23.0
177.0	83.0	8.0	23.0
177.0	83.0	8.0	23.0
177.0	83.0	8.0	23.0
177.0	83.0	8.0	24.0
177.0	83.0	8.0	24.0
177.0	83.0	8.0	24.0
177.0	82.0	8.0	25.0
177.0	82.0	9.0	25.0
177.0	82.0	9.0	25.0
177.0	82.0	8.0	25.0
177.0	82.0	9.0	25.0
