38.0	137.0	40.0	111.0
42.0	138.0	38.0	106.0
47.0	137.0	37.0	104.0
51.0	136.0	36.0	105.0
55.0	135.0	37.0	103.0
61.0	136.0	36.0	100.0
66.0	138.0	34.0	100.0
73.0	138.0	35.0	104.0
77.0	139.0	35.0	105.0
82.0	140.0	34.0	105.0
85.0	140.0	37.0	106.0
92.0	141.0	37.0	104.0
100.0	138.0	35.0	103.0
105.0	137.0	36.0	104.0
108.6685562133789	132.69261169433594	36.08605194091797	104.24859619140625
114.52317810058594	132.17433166503906	36.27195358276367	104.78564453125
122.0	137.0	34.0	104.0
131.0	143.0	33.0	95.0
137.0	143.0	32.0	97.0
142.01522827148438	141.13612365722656	32.26470947265625	97.80240631103516
146.0	138.0	39.0	109.0
152.0	134.0	38.0	109.0
159.4183807373047	133.68075561523438	37.962791442871094	108.89327239990234
166.51510620117188	131.04229736328125	37.44563674926758	107.40985107421875
174.20538330078125	133.954345703125	37.67131805419922	108.05720520019531
180.0	134.0	34.0	102.0
187.0	139.0	36.0	98.0
193.77304077148438	143.01821899414062	35.7958869934082	97.44435119628906
201.0	143.0	31.0	98.0
209.097412109375	141.5640106201172	30.64786148071289	96.88678741455078
215.0	135.0	34.0	103.0
222.0	135.0	33.0	100.0
226.27700805664062	129.74009704589844	33.267704010009766	100.81121826171875
235.1593475341797	130.87477111816406	33.5433349609375	101.64645385742188
239.4486846923828	130.19940185546875	33.700401306152344	102.1224136352539
248.3240509033203	137.07513427734375	32.932010650634766	99.79396057128906
255.55908203125	137.782958984375	32.78306198120117	99.34261322021484
263.2759704589844	139.7924346923828	33.43339157104492	101.31330871582031
268.0	144.0	35.0	94.0
275.0	142.0	33.0	95.0
280.929443359375	138.21534729003906	32.836551666259766	94.52946472167969
286.1332092285156	141.16917419433594	32.41451644897461	93.31452178955078
292.88153076171875	138.442626953125	32.41309356689453	93.31043243408203
296.0	135.0	34.0	100.0
304.56298828125	133.6018524169922	33.81853103637695	99.46627044677734
308.155517578125	140.68063354492188	33.737396240234375	99.22763061523438
314.44622802734375	140.85800170898438	33.25061798095703	97.79593658447266
319.0	142.0	32.0	92.0
325.0	142.0	30.0	93.0
329.3734436035156	140.202880859375	30.059362411499023	93.18402862548828
334.11907958984375	136.53524780273438	29.593006134033203	91.73831939697266
339.77166748046875	134.1043243408203	29.101573944091797	90.21488189697266
343.63153076171875	137.1297607421875	29.002487182617188	89.90771484375
350.4639587402344	140.0993194580078	28.7165470123291	89.02129364013672
357.9848327636719	141.7510986328125	28.776697158813477	89.20774841308594
357.0	141.0	31.0	94.0
363.9708557128906	139.57188415527344	30.942691802978516	93.82622528076172
364.0	142.0	33.0	89.0
366.0	139.0	36.0	91.0
368.51116943359375	133.04052734375	36.12944030761719	91.32719421386719
370.97283935546875	133.916748046875	36.05962371826172	91.15071105957031
374.0	135.0	32.0	96.0
379.34246826171875	134.18861389160156	32.61907958984375	97.85724639892578
378.0	139.0	32.0	92.0
382.0	141.0	32.0	92.0
387.0	146.0	30.0	84.0
389.8583984375	141.1265411376953	29.883853912353516	83.67478942871094
394.38946533203125	142.17147827148438	29.6240177154541	82.9472427368164
394.20355224609375	137.7781524658203	30.067768096923828	84.18974304199219
395.7975158691406	138.8815155029297	29.83426856994629	83.53593444824219
398.759765625	139.15260314941406	29.787200927734375	83.4041519165039
398.9696044921875	139.33485412597656	29.806148529052734	83.45720672607422
400.08544921875	139.04454040527344	29.935705184936523	83.81996154785156
400.5210876464844	139.2927703857422	30.015979766845703	84.04472351074219
402.0	144.0	28.0	85.0
401.0	142.0	30.0	89.0
403.0	142.0	29.0	88.0
405.4559020996094	139.39010620117188	28.658245086669922	86.96295166015625
405.18658447265625	137.4159698486328	29.030704498291016	88.09317016601562
402.0	139.0	30.0	85.0
403.0	140.0	29.0	85.0
404.0	141.0	28.0	84.0
405.0	143.0	29.0	86.0
406.0	144.0	29.0	84.0
406.0	145.0	31.0	82.0
405.236572265625	139.8540496826172	30.94659423828125	81.8587417602539
407.7062072753906	138.4976348876953	31.111827850341797	82.29581451416016
406.85638427734375	136.48904418945312	31.478302001953125	83.26519775390625
408.6627197265625	138.54348754882812	30.843181610107422	81.58519744873047
408.7936096191406	137.072265625	31.075611114501953	82.20001220703125
410.0	142.0	30.0	80.0
410.0	144.0	30.0	80.0
411.0	144.0	30.0	79.0
410.12640380859375	144.2421417236328	29.934749603271484	78.82817077636719
413.0	144.0	25.0	79.0
413.0	142.0	25.0	79.0
412.0	142.0	27.0	79.0
412.0	142.0	27.0	77.0
412.0	140.0	26.0	77.0
412.0	144.0	25.0	69.0
413.0	143.0	24.0	77.0
413.0	145.0	25.0	76.0
412.0	146.0	25.0	74.0
412.0	145.0	25.0	74.0
410.0	144.0	26.0	74.0
410.0	146.0	26.0	64.0
407.92364501953125	143.29879760742188	26.27764892578125	64.6834487915039
406.27252197265625	143.2987518310547	26.281625747680664	64.69324493408203
408.0	143.0	23.0	70.0
409.0	144.0	24.0	71.0
406.0	146.0	24.0	69.0
406.0	147.0	22.0	68.0
406.0	149.0	20.0	65.0
405.0	149.0	19.0	62.0
403.0	148.0	20.0	64.0
402.0	147.0	20.0	62.0
400.0	146.0	20.0	62.0
398.0	147.0	20.0	61.0
397.0	147.0	20.0	63.0
396.0	148.0	19.0	61.0
393.0	149.0	22.0	63.0
391.0	147.0	21.0	63.0
388.0	147.0	21.0	63.0
385.0191345214844	144.60699462890625	21.246946334838867	63.74083709716797
384.0	150.0	20.0	55.0
381.0	150.0	20.0	54.0
381.0	148.0	19.0	56.0
378.0	148.0	18.0	57.0
376.0	150.0	19.0	56.0
374.0	152.0	17.0	55.0
371.0	153.0	17.0	54.0
368.36285400390625	147.5845947265625	17.265117645263672	54.84214401245117
365.5055236816406	147.0928497314453	17.313541412353516	54.99596405029297
362.33453369140625	145.05345153808594	17.538822174072266	55.71156692504883
359.15228271484375	145.50205993652344	17.319101333618164	55.01362228393555
357.1583557128906	147.62039184570312	17.35797882080078	55.137115478515625
356.0	152.0	16.0	50.0
353.0	153.0	17.0	53.0
349.67303466796875	151.79818725585938	17.014211654663086	53.04430389404297
348.0	152.0	18.0	51.0
344.05377197265625	153.30918884277344	17.79947853088379	50.431854248046875
339.9597473144531	152.3468780517578	17.49431610107422	49.56723403930664
337.27569580078125	149.75579833984375	17.668949127197266	50.0620231628418
335.0	148.0	18.0	55.0
333.0	149.0	17.0	50.0
329.0	151.0	17.0	52.0
327.0	152.0	17.0	51.0
323.0	153.0	16.0	50.0
319.0	151.0	17.0	52.0
316.92510986328125	150.35458374023438	16.730167388916016	51.17462921142578
313.31683349609375	147.19686889648438	16.5743465423584	50.69800567626953
309.4827575683594	146.91842651367188	16.30816078186035	49.883785247802734
306.37640380859375	146.66075134277344	16.320354461669922	49.92108154296875
303.826416015625	147.2913360595703	16.261516571044922	49.74110794067383
300.54705810546875	149.13186645507812	16.289627075195312	49.82709503173828
297.6846008300781	150.31430053710938	16.484407424926758	50.42289352416992
297.0	154.0	13.0	40.0
293.68426513671875	155.49282836914062	13.014172554016113	40.043609619140625
289.0	153.0	15.0	46.0
286.0	151.0	16.0	45.0
281.5008850097656	150.12814331054688	16.114473342895508	45.32195281982422
277.91986083984375	149.5084228515625	16.271747589111328	45.76428985595703
275.65277099609375	149.1092529296875	16.01341438293457	45.03772735595703
273.0	152.0	15.0	44.0
270.0	151.0	15.0	46.0
266.0	153.0	15.0	47.0
262.0	151.0	16.0	49.0
258.0	151.0	17.0	49.0
254.0896453857422	150.3302764892578	16.67652130126953	48.06761932373047
249.93484497070312	149.1358642578125	16.681394577026367	48.081661224365234
246.80517578125	147.96868896484375	16.521331787109375	47.62030029296875
242.4463348388672	147.27008056640625	16.829607009887695	48.50885772705078
238.3309326171875	148.79684448242188	16.82084083557129	48.48358917236328
234.84188842773438	150.2046661376953	16.609729766845703	47.875091552734375
232.79257202148438	150.7865447998047	16.359525680541992	47.15392303466797
230.0	150.0	16.0	50.0
226.1667938232422	149.13986206054688	15.980070114135742	49.937721252441406
221.5855712890625	148.48910522460938	15.850639343261719	49.53324508666992
218.1555633544922	147.36038208007812	15.688901901245117	49.02781677246094
214.3037109375	146.5164794921875	15.859410285949707	49.56065368652344
214.78941345214844	147.12962341308594	15.069997787475586	48.60019302368164
214.854248046875	146.8215789794922	14.883628845214844	48.25804901123047
215.1311798095703	146.84942626953125	14.59284782409668	47.81444549560547
207.82797241210938	151.21865844726562	14.290881156921387	46.825035095214844
207.2125701904297	151.63516235351562	14.133562088012695	45.80760192871094
207.59405517578125	151.43820190429688	13.50918960571289	44.78286361694336
208.08001708984375	151.27157592773438	13.460628509521484	44.39088439941406
208.5703887939453	151.1261749267578	13.362977981567383	43.96493148803711
209.04214477539062	151.00157165527344	13.1717529296875	43.4473991394043
209.47576904296875	150.8217315673828	12.947175979614258	42.90433883666992
209.88198852539062	150.59913635253906	12.681694030761719	42.325218200683594
210.2531280517578	150.33143615722656	12.383092880249023	41.711971282958984
210.5809326171875	150.01551818847656	12.052608489990234	41.06195068359375
210.82095336914062	150.60433959960938	12.041349411010742	41.02359390258789
210.11514282226562	150.6985626220703	12.07927131652832	41.15279006958008
210.93588256835938	151.02943420410156	11.91917610168457	40.607357025146484
210.4275665283203	150.37474060058594	11.911588668823242	40.58150863647461
210.4578399658203	150.2130126953125	12.197685241699219	41.55620574951172
210.5423126220703	150.3839569091797	12.156881332397461	41.41719436645508
210.2560577392578	148.43936157226562	12.346046447753906	42.0616569519043
210.4224853515625	150.0621795654297	12.12199592590332	41.298343658447266
210.6882781982422	152.09170532226562	12.025991439819336	40.97126770019531
210.8752899169922	151.5779571533203	12.173871994018555	41.47507858276367
210.35964965820312	150.86233520507812	12.097859382629395	41.21610641479492
210.43234252929688	150.3771514892578	12.0125732421875	40.92554473876953
210.418701171875	150.31552124023438	11.807502746582031	40.226890563964844
210.70590209960938	151.2206573486328	11.847241401672363	40.362274169921875
210.3449249267578	150.91676330566406	12.005170822143555	40.90032196044922
210.6264190673828	151.25308227539062	12.003040313720703	40.893062591552734
210.54263305664062	149.5648651123047	12.225476264953613	41.650875091552734
210.1065673828125	150.6536102294922	12.229436874389648	41.66436767578125
210.60971069335938	150.18394470214844	12.143661499023438	41.37213897705078
210.0458984375	150.11312866210938	12.243165969848633	41.71113967895508
210.84756469726562	150.9353790283203	12.106042861938477	41.24396896362305
210.728271484375	151.25161743164062	11.994939804077148	40.865455627441406
210.520263671875	150.4859619140625	11.902679443359375	40.5511360168457
210.0293731689453	150.3289337158203	12.008139610290527	40.91042709350586
210.28482055664062	151.5219268798828	12.091854095458984	41.19563674926758
210.81832885742188	149.9777374267578	12.10667610168457	41.246131896972656
210.31063842773438	151.5299072265625	11.95136833190918	40.717018127441406
210.7891082763672	150.07931518554688	11.835942268371582	40.32377243041992
211.05215454101562	150.86380004882812	11.794483184814453	40.182525634765625
210.30795288085938	151.19961547851562	11.630393028259277	39.62348556518555
210.57278442382812	151.57940673828125	11.7396240234375	39.99562454223633
94.0	146.0	19.0	55.0
93.0	146.0	18.0	55.0
92.0	144.0	19.0	57.0
90.0	144.0	19.0	57.0
90.0	145.0	19.0	57.0
89.0	145.0	20.0	58.0
88.0	147.0	19.0	56.0
87.0	146.0	20.0	58.0
87.0	146.0	18.0	58.0
85.0	147.0	20.0	57.0
83.0	143.0	21.0	62.0
81.94529724121094	142.35263061523438	21.16012191772461	62.472740173339844
81.1234359741211	143.30661010742188	21.44721794128418	63.32036209106445
81.22626495361328	142.67654418945312	20.779752731323242	61.349754333496094
80.0	143.0	21.0	64.0
79.0	144.0	20.0	62.0
79.0	145.0	21.0	62.0
79.0	146.0	20.0	63.0
78.0	144.0	22.0	65.0
78.0	145.0	19.0	62.0
78.0	144.0	20.0	63.0
77.0	142.0	20.0	65.0
77.71163177490234	138.37313842773438	19.97066307067871	64.90465545654297
76.75811004638672	138.44711303710938	20.030567169189453	65.0993423461914
77.4652328491211	139.47885131835938	19.857580184936523	64.5371322631836
78.15653228759766	141.92477416992188	19.691097259521484	63.996063232421875
77.3418197631836	142.36831665039062	19.692237854003906	63.99977493286133
67.6559829711914	138.3606719970703	19.704336166381836	64.03909301757812
66.0	142.0	23.0	70.0
61.327392578125	134.7367706298828	22.979854583740234	69.93869018554688
63.06538772583008	132.2557830810547	22.68758201599121	70.35025787353516
61.308937072753906	133.7504425048828	22.643619537353516	70.21393585205078
60.4149169921875	135.82992553710938	22.897930145263672	71.00251007080078
61.0	142.0	21.0	70.0
60.0	142.0	21.0	71.0
60.0	142.0	20.0	70.0
60.2030029296875	139.69338989257812	20.216533660888672	70.75785827636719
57.0	140.0	22.0	72.0
56.0	140.0	22.0	71.0
56.0	138.0	23.0	73.0
55.0	138.0	23.0	74.0
54.0	139.0	23.0	73.0
55.0	140.0	22.0	73.0
54.0	141.0	23.0	73.0
54.0	142.0	22.0	72.0
53.0	141.0	24.0	73.0
53.0	140.0	24.0	74.0
53.0	140.0	23.0	73.0
51.0	138.0	25.0	76.0
50.0	138.0	26.0	76.0
50.0	139.0	24.0	74.0
48.0	138.0	26.0	76.0
49.0	140.0	26.0	75.0
48.0	141.0	26.0	75.0
47.0	141.0	26.0	75.0
46.0	141.0	27.0	75.0
47.0	140.0	26.0	76.0
46.0	139.0	26.0	76.0
46.0	138.0	27.0	77.0
45.0	138.0	27.0	76.0
45.0	138.0	27.0	77.0
44.0	139.0	28.0	78.0
44.0	141.0	28.0	76.0
45.0	142.0	27.0	75.0
44.0	142.0	27.0	75.0
44.0	139.0	29.0	79.0
43.0	138.0	30.0	80.0
42.0	137.0	30.0	82.0
42.0	136.0	30.0	82.0
42.0	137.0	30.0	84.0
42.0	138.0	31.0	84.0
44.0	139.0	30.0	83.0
44.0	140.0	30.0	82.0
44.0	140.0	29.0	82.0
44.0	139.0	30.0	84.0
44.0	138.0	30.0	85.0
42.0	137.0	30.0	85.0
43.0	135.0	31.0	88.0
44.0	136.0	29.0	86.0
44.0	135.0	31.0	89.0
45.0	137.0	30.0	89.0
45.0	136.0	31.0	92.0
43.0	137.0	33.0	91.0
45.0	137.0	32.0	91.0
45.0	137.0	31.0	91.0
43.0	136.0	34.0	92.0
43.0	135.0	34.0	94.0
42.0	134.0	34.0	96.0
43.0	135.0	33.0	95.0
42.0	136.0	34.0	96.0
43.0	136.0	32.0	95.0
43.0	138.0	33.0	94.0
41.0	138.0	31.0	93.0
41.0	137.0	33.0	94.0
40.0	135.0	36.0	96.0
41.0	134.0	34.0	97.0
39.0	132.0	34.0	99.0
40.0	133.0	33.0	98.0
40.0	133.0	34.0	101.0
42.0	136.0	34.0	97.0
40.0	136.0	35.0	100.0
40.0	137.0	35.0	101.0
41.0	137.0	35.0	100.0
41.0	135.0	36.0	100.0
42.0	136.0	35.0	99.0
41.0	134.0	36.0	102.0
42.0	134.0	35.0	100.0
42.0	135.0	35.0	101.0
42.0	134.0	34.0	102.0
43.0	135.0	34.0	102.0
43.0	137.0	34.0	102.0
44.0	139.0	34.0	100.0
44.0	139.0	34.0	101.0
44.0	138.0	35.0	104.0
47.0	137.0	31.0	102.0
50.0	136.0	30.0	104.0
52.0	134.0	30.0	105.0
53.0	131.0	32.0	107.0
55.0	139.0	33.0	90.0
59.0	135.0	33.0	102.0
62.0	134.0	34.0	108.0
64.0	139.0	35.0	103.0
67.0	140.0	35.0	102.0
70.0	138.0	35.0	102.0
75.0	137.0	34.0	102.0
76.0	135.0	35.0	100.0
77.0	132.0	37.0	106.0
82.0	131.0	39.0	109.0
89.0	133.0	37.0	104.0
95.0	132.0	36.0	109.0
98.0	138.0	36.0	104.0
104.0	140.0	35.0	102.0
110.0	142.0	34.0	100.0
114.0	136.0	38.0	111.0
119.0	137.0	36.0	106.0
122.0	135.0	39.0	106.0
128.0	136.0	33.0	100.0
134.0	134.0	35.0	103.0
141.32235717773438	137.97998046875	34.96979522705078	102.91111755371094
146.80885314941406	141.41322326660156	35.240562438964844	103.70794677734375
150.0	137.0	36.0	105.0
157.0	142.0	35.0	98.0
163.0	142.0	36.0	101.0
169.0	138.0	37.0	105.0
175.1857452392578	136.18397521972656	37.30120086669922	105.8547592163086
181.26132202148438	134.7866668701172	37.58112335205078	106.64913177490234
189.0	131.0	37.0	106.0
199.04861450195312	132.85333251953125	36.578697204589844	104.79302978515625
203.0	137.0	35.0	94.0
210.0	135.0	35.0	102.0
214.7566680908203	140.39471435546875	35.649070739746094	103.89158630371094
219.86123657226562	143.0542755126953	35.5468635559082	103.5937271118164
227.0	141.0	35.0	102.0
232.0	141.0	33.0	96.0
243.8900909423828	138.84597778320312	33.261390686035156	96.76042175292969
243.44973754882812	139.0010986328125	34.36957550048828	95.54541015625
256.3203125	138.15115356445312	34.113426208496094	94.83332824707031
262.0	137.0	33.0	96.0
269.0	144.0	32.0	87.0
275.0	144.0	33.0	93.0
280.0	143.0	34.0	95.0
289.0	143.0	31.0	91.0
294.07855224609375	138.9542236328125	31.166412353515625	91.48848724365234
300.10565185546875	136.72601318359375	31.282333374023438	91.82876586914062
307.2134094238281	136.40170288085938	31.09173011779785	91.26924896240234
314.0949401855469	136.9783935546875	31.186382293701172	91.54710388183594
318.4776916503906	138.97525024414062	31.575603485107422	92.68965911865234
325.0	143.0	31.0	89.0
330.70953369140625	145.15274047851562	31.17431640625	89.50044250488281
335.0	142.0	33.0	94.0
340.0	143.0	33.0	89.0
343.0208740234375	140.37869262695312	33.016395568847656	89.04421997070312
350.53759765625	141.13955688476562	32.83100509643555	88.54423522949219
356.03887939453125	139.13198852539062	32.72344970703125	88.25416564941406
359.61566162109375	139.3139190673828	32.404048919677734	87.39274597167969
363.0	140.0	33.0	91.0
369.0	142.0	31.0	91.0
374.7901611328125	141.06271362304688	30.39223861694336	89.21592712402344
377.95458984375	139.63925170898438	30.391067504882812	89.21247863769531
380.3221435546875	139.9594268798828	29.978893280029297	88.00255584716797
384.6803283691406	138.6272735595703	29.489673614501953	86.56645965576172
390.05767822265625	139.6204071044922	29.700109481811523	87.18418884277344
393.7237243652344	140.33494567871094	29.646163940429688	87.02583312988281
397.7152404785156	137.79800415039062	29.911468505859375	87.80463409423828
397.0	142.0	30.0	86.0
399.0	144.0	28.0	85.0
399.0	144.0	29.0	85.0
402.0	143.0	28.0	83.0
403.862548828125	140.42784118652344	27.7012939453125	82.11454772949219
407.06048583984375	139.70376586914062	27.23443603515625	80.73064422607422
408.27593994140625	144.27593994140625	27.249752044677734	80.77604675292969
408.0	142.0	27.0	81.0
410.0	146.0	26.0	78.0
411.0	145.0	28.0	81.0
411.0	146.0	27.0	78.0
411.0	147.0	25.0	73.0
412.0	143.0	27.0	76.0
413.56817626953125	140.05038452148438	27.104686737060547	76.294677734375
414.08251953125	138.88650512695312	27.147363662719727	76.41481018066406
414.3968200683594	141.65658569335938	27.35552406311035	77.00074768066406
412.0	145.0	28.0	72.0
414.0	146.0	25.0	73.0
413.0	146.0	26.0	73.0
413.0	147.0	24.0	71.0
413.0	149.0	23.0	69.0
411.0	147.0	23.0	69.0
411.0	147.0	20.0	66.0
409.0	147.0	20.0	64.0
408.0	148.0	20.0	61.0
406.0	149.0	20.0	61.0
404.0	147.0	23.0	68.0
404.0	148.0	23.0	67.0
402.0	150.0	23.0	65.0
400.0	150.0	23.0	65.0
396.0	147.0	23.0	62.0
393.0	148.0	20.0	59.0
391.1803283691406	146.57479858398438	20.153181076049805	59.45188522338867
388.0	147.0	22.0	61.0
386.0	149.0	21.0	59.0
384.0	149.0	20.0	63.0
382.0	152.0	19.0	59.0
379.0	152.0	19.0	57.0
375.12567138671875	149.60426330566406	19.209026336669922	57.62708282470703
371.6184387207031	147.33567810058594	19.35631561279297	58.06895065307617
369.0	148.0	19.0	58.0
365.1952209472656	146.1906280517578	19.14444351196289	58.4409294128418
361.8119201660156	147.6584930419922	19.322568893432617	58.98468017578125
359.09674072265625	149.42025756835938	19.21977996826172	58.67090606689453
356.27423095703125	150.8383331298828	19.05573272705078	58.170135498046875
354.0	157.0	18.0	50.0
350.4652404785156	153.5780029296875	17.908071517944336	49.74464797973633
346.48504638671875	154.30178833007812	17.908401489257812	49.74556350708008
341.68682861328125	151.81509399414062	18.104856491088867	50.2912712097168
339.69586181640625	150.63064575195312	18.057491302490234	50.159698486328125
334.2030334472656	148.9425811767578	18.120285034179688	50.33412551879883
330.88897705078125	149.99761962890625	18.06068992614746	50.16858673095703
329.0	151.0	18.0	52.0
324.60797119140625	151.12698364257812	18.08364486694336	52.24163055419922
322.0	152.0	16.0	52.0
318.0	152.0	17.0	51.0
312.35760498046875	150.80419921875	16.90693473815918	50.720802307128906
309.27691650390625	150.33157348632812	16.834854125976562	50.50455856323242
304.10052490234375	148.8221893310547	16.66213607788086	49.98640441894531
303.0	157.0	15.0	40.0
298.0702209472656	153.9916229248047	15.171107292175293	40.45628356933594
293.0	153.0	16.0	49.0
290.0	154.0	15.0	45.0
286.57135009765625	155.22012329101562	14.858896255493164	44.57668685913086
282.2049865722656	154.7243194580078	14.9620361328125	44.88610076904297
277.89599609375	152.6294708251953	15.210062980651855	45.63018035888672
272.87603759765625	150.73268127441406	15.419748306274414	46.25923538208008
268.95428466796875	149.71690368652344	15.765220642089844	47.295658111572266
264.0	151.0	17.0	46.0
261.0	153.0	15.0	43.0
257.0	152.0	15.0	47.0
253.117431640625	153.19947814941406	14.914497375488281	46.732093811035156
248.0	152.0	17.0	49.0
243.07778930664062	150.65589904785156	17.072803497314453	49.2098388671875
239.557861328125	149.15298461914062	17.13054847717285	49.376277923583984
234.11734008789062	148.57022094726562	17.163372039794922	49.47088623046875
230.71615600585938	146.23446655273438	16.897747039794922	48.705265045166016
227.4389190673828	147.37374877929688	16.787294387817383	48.38689422607422
221.79147338867188	149.6215057373047	16.639583587646484	47.96113967895508
218.2196807861328	150.79466247558594	16.453388214111328	47.42446517944336
214.47830200195312	151.394775390625	16.638629913330078	47.958396911621094
210.233642578125	152.0919189453125	16.684091567993164	48.08942794799805
205.5465545654297	150.95156860351562	16.455509185791016	47.43057632446289
204.8280792236328	150.07620239257812	16.72110939025879	48.196128845214844
199.45790100097656	158.20474243164062	16.80109214782715	48.426666259765625
197.97689819335938	157.39723205566406	17.270448684692383	48.06462860107422
198.74073791503906	157.4564971923828	16.321535110473633	47.09775161743164
188.0	150.0	15.0	44.0
184.70521545410156	151.83633422851562	15.00719928741455	44.021114349365234
177.2998809814453	153.40065002441406	14.98143482208252	43.94553756713867
174.9954376220703	153.1540069580078	15.241961479187012	44.709754943847656
172.0	151.0	17.0	48.0
169.37481689453125	152.63211059570312	17.091650009155273	48.2587776184082
164.57736206054688	151.65248107910156	17.057741165161133	48.16303253173828
163.0	148.0	18.0	50.0
160.0	146.0	17.0	51.0
157.7461700439453	147.44601440429688	16.766033172607422	50.298095703125
154.0	149.0	17.0	48.0
150.0	151.0	16.0	46.0
146.0	149.0	18.0	53.0
144.0	150.0	17.0	46.0
142.0	148.0	16.0	49.0
140.74911499023438	148.1686553955078	16.015256881713867	49.046730041503906
137.65133666992188	145.8601531982422	16.106599807739258	49.32646560668945
135.23672485351562	148.3081817626953	16.154983520507812	49.47464370727539
133.34268188476562	147.48582458496094	16.326923370361328	50.00120544433594
129.47225952148438	146.58541870117188	16.61726188659668	50.8903694152832
127.0	149.0	17.0	50.0
124.0	148.0	17.0	53.0
122.0	149.0	18.0	51.0
121.0	150.0	17.0	50.0
120.0	149.0	17.0	50.0
118.0	149.0	16.0	46.0
114.0	146.0	19.0	54.0
113.0	147.0	18.0	53.0
110.0	147.0	19.0	54.0
109.0	147.0	18.0	55.0
106.0	147.0	20.0	56.0
104.0	148.0	19.0	54.0
103.0	147.0	20.0	57.0
99.9000473022461	143.99679565429688	20.034255981445312	57.097633361816406
99.0	147.0	18.0	56.0
98.0	144.0	19.0	58.0
96.0	145.0	19.0	56.0
95.0	146.0	19.0	56.0
92.0	147.0	19.0	57.0
90.0	147.0	20.0	58.0
88.0	146.0	21.0	60.0
86.0	144.0	21.0	62.0
85.0	143.0	21.0	62.0
81.0	142.0	21.0	63.0
81.0	142.0	21.0	63.0
79.0	142.0	22.0	65.0
78.0	142.0	22.0	67.0
77.0	143.0	22.0	66.0
77.0	144.0	20.0	65.0
78.0	143.0	18.0	65.0
77.36085510253906	144.01254272460938	17.772884368896484	64.17987060546875
77.23014831542969	141.99832153320312	17.605140686035156	63.574134826660156
74.51704406738281	138.4394073486328	17.406768798828125	62.8577880859375
69.55158233642578	140.39517211914062	17.238088607788086	62.2486686706543
63.0	141.0	20.0	69.0
61.48588943481445	141.35079956054688	20.054214477539062	69.18704986572266
59.0	142.0	21.0	70.0
59.0	143.0	20.0	70.0
57.0	142.0	22.0	71.0
56.0	140.0	22.0	73.0
56.0	139.0	21.0	72.0
52.0	139.0	24.0	72.0
53.0	140.0	24.0	71.0
52.0	141.0	24.0	72.0
51.0	143.0	25.0	72.0
49.0	142.0	26.0	74.0
48.0	143.0	27.0	72.0
48.0	143.0	26.0	72.0
47.0	141.0	28.0	74.0
47.0	142.0	27.0	71.0
47.0	142.0	26.0	72.0
46.0	141.0	26.0	74.0
45.0	141.0	27.0	76.0
44.0	142.0	27.0	75.0
44.0	143.0	27.0	74.0
45.0	142.0	27.0	75.0
44.0	140.0	27.0	77.0
43.0	138.0	27.0	79.0
43.0	137.0	27.0	81.0
46.0	136.0	28.0	80.0
47.0	137.0	27.0	80.0
47.0	139.0	26.0	76.0
47.0	139.0	28.0	81.0
48.0	140.0	28.0	80.0
49.0	142.0	28.0	81.0
50.0	142.0	27.0	78.0
53.0	143.0	26.0	75.0
55.0	142.0	26.0	75.0
56.122718811035156	140.64321899414062	25.82794189453125	74.5036849975586
56.394859313964844	140.59121704101562	25.508106231689453	73.5810775756836
62.0	139.0	28.0	79.0
65.0	144.0	27.0	76.0
68.0	144.0	26.0	77.0
71.0	145.0	27.0	78.0
76.0	144.0	27.0	80.0
80.0	143.0	27.0	79.0
83.0	140.0	30.0	82.0
87.42448425292969	140.3430938720703	30.01114845275879	82.03047180175781
91.0574722290039	138.52664184570312	30.08514976501465	82.23274993896484
97.0	140.0	27.0	79.0
102.15985870361328	140.3734893798828	27.352798461914062	80.03227233886719
106.35078430175781	141.6789093017578	27.74991798400879	81.19422149658203
111.1050033569336	145.75955200195312	27.47587013244629	80.39237976074219
117.0	144.0	28.0	78.0
122.0	144.0	28.0	78.0
127.0	144.0	26.0	72.0
131.6680145263672	140.55999755859375	26.00425148010254	72.01177215576172
137.90235900878906	140.99496459960938	26.5455265045166	73.51068878173828
145.61563110351562	143.12037658691406	26.406551361083984	73.12583923339844
150.0	144.0	25.0	74.0
157.42269897460938	145.73825073242188	25.222061157226562	74.65730285644531
161.90231323242188	146.06527709960938	24.980356216430664	73.94185638427734
166.28890991210938	147.09786987304688	24.905765533447266	73.7210693359375
173.0	139.0	29.0	86.0
177.0240478515625	138.0433349609375	29.280935287475586	86.83311462402344
183.35662841796875	136.51637268066406	29.484081268310547	87.43553924560547
192.63525390625	137.9456787109375	29.204782485961914	86.6072769165039
195.882568359375	134.3091278076172	29.505126953125	87.4979476928711
201.14317321777344	137.48953247070312	29.559680938720703	87.65972900390625
205.880615234375	138.45494079589844	28.869159698486328	85.61198425292969
210.0	145.0	28.0	75.0
219.0	145.0	27.0	76.0
226.535888671875	141.6562042236328	26.433853149414062	74.40641021728516
232.1988067626953	142.1559600830078	26.49334144592285	74.57386016845703
236.1747283935547	138.0976104736328	26.72243881225586	75.21873474121094
242.8279266357422	139.26246643066406	26.95849609375	75.88319396972656
249.18069458007812	139.04763793945312	27.251216888427734	76.70713806152344
254.1927490234375	140.33010864257812	27.465383529663086	77.30997467041016
260.0	145.0	25.0	73.0
267.0	144.0	27.0	77.0
270.0	144.0	27.0	76.0
275.0	145.0	26.0	76.0
281.7979736328125	143.85308837890625	25.727664947509766	75.20394134521484
288.5787048339844	142.66920471191406	25.925643920898438	75.78265380859375
293.9137268066406	140.71778869628906	26.52933692932129	77.54728698730469
299.0923767089844	141.14736938476562	26.015438079833984	76.04512023925781
304.0732727050781	141.33468627929688	26.22682762145996	76.66303253173828
309.07928466796875	144.69735717773438	26.172103881835938	76.5030746459961
313.8582763671875	145.160888671875	26.05891990661621	76.17222595214844
318.3628845214844	144.7730712890625	26.352954864501953	77.03170776367188
324.3502502441406	143.1978302001953	26.364070892333984	77.064208984375
330.0968017578125	142.2919464111328	26.3160400390625	76.9238052368164
335.8411865234375	139.62319946289062	26.56447410583496	77.6500015258789
341.5172119140625	137.82174682617188	26.57615089416504	77.68412780761719
346.36297607421875	138.190673828125	26.74685287475586	78.18310546875
352.10467529296875	139.68905639648438	26.681365966796875	77.99168395996094
354.6260681152344	142.599853515625	26.398452758789062	77.16470336914062
361.3938903808594	142.80909729003906	26.683990478515625	77.99935913085938
364.8379211425781	144.68641662597656	26.63779067993164	77.86431884765625
366.9192199707031	146.41439819335938	26.469186782836914	77.37147521972656
370.0	147.0	26.0	73.0
374.541748046875	146.7822723388672	25.996347427368164	72.98975372314453
379.6258239746094	147.39138793945312	26.04361915588379	73.12247467041016
382.2698059082031	144.723388671875	26.308080673217773	73.86500549316406
386.44287109375	144.3314971923828	26.338623046875	73.95075988769531
390.4345397949219	145.9243927001953	26.86928939819336	75.44071960449219
394.43341064453125	144.780517578125	26.95231056213379	75.67381286621094
397.19598388671875	146.47251892089844	26.984355926513672	75.76377868652344
398.74420166015625	143.6337890625	27.068584442138672	76.0002670288086
398.0	146.0	25.0	72.0
404.41253662109375	144.00872802734375	24.542150497436523	70.681396484375
406.8911437988281	143.17831420898438	24.523448944091797	70.6275405883789
406.50177001953125	140.40170288085938	24.35227394104004	70.13455200195312
406.0	144.0	27.0	75.0
409.971435546875	142.5354461669922	27.250661849975586	75.69628143310547
409.0	147.0	26.0	75.0
411.0	150.0	23.0	71.0
412.0	147.0	25.0	73.0
412.0	146.0	24.0	72.0
412.0	147.0	23.0	69.0
414.72930908203125	143.22622680664062	23.47885513305664	70.43656921386719
411.0	144.0	24.0	70.0
411.0	144.0	23.0	70.0
411.0	145.0	24.0	72.0
410.0	146.0	24.0	72.0
411.0	149.0	22.0	66.0
409.0	149.0	22.0	67.0
407.0	147.0	23.0	68.0
407.49432373046875	145.6390380859375	23.079660415649414	68.23551940917969
404.0	149.0	22.0	56.0
405.86480712890625	148.96176147460938	21.816028594970703	55.531700134277344
402.98101806640625	150.840576171875	21.593656539916992	54.965667724609375
402.6642150878906	150.63796997070312	21.71941566467285	55.28578567504883
399.5567932128906	150.5336151123047	22.227922439575195	56.580169677734375
397.9429626464844	152.5784912109375	22.07223892211914	56.18388748168945
395.0	151.0	20.0	62.0
393.0	150.0	19.0	63.0
392.2266845703125	148.30392456054688	19.08863067626953	63.29387664794922
389.0	148.0	20.0	61.0
388.0	147.0	18.0	60.0
385.0	147.0	19.0	59.0
382.77191162109375	148.85421752929688	18.849742889404297	58.533416748046875
382.0	152.0	18.0	55.0
380.0	153.0	17.0	53.0
377.0	151.0	18.0	57.0
374.0	150.0	20.0	58.0
371.0	148.0	22.0	60.0
369.0	147.0	21.0	59.0
367.88751220703125	144.23049926757812	20.980831146240234	58.94614791870117
365.21197509765625	145.26194763183594	21.035446166992188	59.0995979309082
364.0	149.0	18.0	54.0
360.0	147.0	20.0	62.0
359.0	151.0	19.0	56.0
358.0	152.0	18.0	56.0
355.87091064453125	151.5506134033203	17.873912811279297	55.60772705078125
352.952880859375	150.03744506835938	17.952199935913086	55.851287841796875
350.7447814941406	148.51808166503906	18.01123046875	56.034934997558594
347.0	148.0	18.0	55.0
346.0	150.0	17.0	51.0
343.0	150.0	17.0	53.0
341.0	152.0	17.0	50.0
338.0	151.0	18.0	56.0
335.0	150.0	19.0	57.0
333.0	149.0	18.0	57.0
330.0	150.0	19.0	53.0
327.5863342285156	150.68222045898438	18.729339599609375	52.24500274658203
324.8486022949219	147.795654296875	18.48334312438965	51.558799743652344
323.0	149.0	17.0	48.0
320.0	153.0	15.0	43.0
317.0	150.0	17.0	54.0
314.0	152.0	16.0	49.0
312.0	152.0	15.0	48.0
310.1726989746094	153.319091796875	14.86719799041748	47.575035095214844
307.3075256347656	151.40013122558594	14.68274974822998	46.984798431396484
303.2310485839844	150.18997192382812	14.860809326171875	47.554588317871094
299.22027587890625	147.1029815673828	15.228533744812012	48.73130798339844
296.935791015625	149.16848754882812	15.171255111694336	48.54801940917969
294.68670654296875	150.81689453125	15.011518478393555	48.036861419677734
291.2853088378906	150.9976348876953	15.155038833618164	48.49612808227539
288.0	152.0	15.0	45.0
287.0	154.0	12.0	41.0
283.0	151.0	15.0	47.0
279.0	147.0	18.0	57.0
276.0	150.0	15.0	46.0
273.0	150.0	15.0	43.0
270.0	149.0	16.0	47.0
266.61517333984375	148.61940002441406	16.124149322509766	47.36469268798828
266.0	152.0	14.0	43.0
262.0	153.0	14.0	45.0
258.0	151.0	16.0	50.0
254.0	150.0	16.0	50.0
251.28622436523438	146.84791564941406	16.14444351196289	50.451385498046875
250.3111572265625	147.41073608398438	16.35064125061035	51.09575271606445
245.0	145.0	16.0	51.0
243.0	147.0	16.0	47.0
239.2364959716797	148.93711853027344	16.068378448486328	47.20085906982422
236.90902709960938	149.38247680664062	15.986427307128906	46.96012878417969
234.1334686279297	150.38925170898438	15.868677139282227	46.614234924316406
231.5904083251953	151.22569274902344	15.82946491241455	46.499046325683594
228.4978485107422	151.35293579101562	15.510213851928711	45.561248779296875
225.9971160888672	150.4443817138672	15.466110229492188	45.43169403076172
222.50814819335938	151.17581176757812	15.468217849731445	45.43788528442383
219.9339141845703	149.6826629638672	15.372897148132324	45.15788269042969
217.0057373046875	149.6245880126953	15.443756103515625	45.366031646728516
213.83981323242188	149.48880004882812	15.630032539367676	45.91321563720703
210.85440063476562	150.34970092773438	15.647554397583008	45.964683532714844
206.90267944335938	151.64828491210938	15.698132514953613	46.113258361816406
204.61349487304688	153.31497192382812	15.7051420211792	46.133846282958984
201.47705078125	152.0769500732422	15.857539176940918	46.58150863647461
197.96755981445312	149.90966796875	16.068246841430664	47.200462341308594
193.6417236328125	149.47476196289062	16.1323184967041	47.388675689697266
191.02964782714844	145.607421875	16.290586471557617	47.85358810424805
189.4994659423828	145.51318359375	16.558866500854492	48.641666412353516
187.18942260742188	146.4990234375	16.40814971923828	48.198936462402344
184.26071166992188	147.8438262939453	15.951614379882812	46.85786056518555
180.28195190429688	148.34988403320312	16.1866397857666	47.54824447631836
177.18511962890625	149.4592742919922	16.0234432220459	47.0688591003418
179.55441284179688	148.67477416992188	14.55661392211914	44.78557586669922
180.7174072265625	146.75302124023438	13.44161605834961	43.64003372192383
181.09613037109375	145.27249145507812	13.78127670288086	43.755271911621094
181.45944213867188	143.8803253173828	14.071979522705078	43.708961486816406
181.68081665039062	142.44961547851562	14.349884033203125	43.645965576171875
181.71400451660156	140.95120239257812	14.696001052856445	43.70048141479492
181.61175537109375	139.40780639648438	15.079290390014648	43.83485794067383
181.38270568847656	137.80308532714844	15.509061813354492	44.058815002441406
181.0292205810547	136.12864685058594	16.00899887084961	44.401241302490234
180.55783081054688	134.37539672851562	16.594758987426758	44.8856201171875
179.9771270751953	132.53273010253906	17.27591896057129	45.53470993041992
179.30238342285156	130.59417724609375	18.05039405822754	46.3651123046875
178.5530242919922	128.56578063964844	18.909439086914062	47.39096450805664
177.70724487304688	126.45870208740234	19.887184143066406	48.68056106567383
176.7560577392578	124.29346466064453	20.99763298034668	50.29286193847656
175.77049255371094	122.10311889648438	22.135042190551758	52.170326232910156
174.77609252929688	119.91812896728516	23.20293617248535	54.27674102783203
173.82823181152344	117.80318450927734	24.075790405273438	56.532630920410156
172.97048950195312	115.82151794433594	24.643735885620117	58.847259521484375
172.21864318847656	114.03076934814453	24.848421096801758	61.1317138671875
171.53012084960938	112.4645767211914	24.722970962524414	63.329383850097656
170.8472900390625	111.14054870605469	24.376514434814453	65.42191314697266
170.175537109375	110.07150268554688	23.90689468383789	67.40241241455078
169.58096313476562	109.25048828125	23.343629837036133	69.2676773071289
169.12928771972656	108.6343002319336	22.666278839111328	71.05168914794922
168.84951782226562	108.1379165649414	21.78567886352539	72.86512756347656
168.81460571289062	107.7374038696289	20.679611206054688	74.82544708251953
169.19676208496094	107.5120620727539	19.489574432373047	76.9892807006836
170.1689453125	107.45641326904297	18.147483825683594	79.52991485595703
172.02586364746094	107.64421844482422	16.542985916137695	82.71973419189453
175.1116180419922	108.181396484375	14.586248397827148	86.86685180664062
109.0	142.0	36.0	109.0
107.0	137.0	39.0	115.0
106.0	140.0	35.0	108.0
106.95832824707031	147.1339111328125	35.22831344604492	108.70451354980469
103.0	140.0	40.0	110.0
103.15863037109375	141.41445922851562	39.670135498046875	109.0928726196289
105.0	139.0	38.0	106.0
