276.0	137.0	23.0	69.0
275.0	136.0	23.0	68.0
275.0	135.0	23.0	70.0
276.0	135.0	22.0	68.0
276.0	136.0	21.0	67.0
276.0	136.0	23.0	67.0
276.0	136.0	23.0	67.0
277.0	137.0	22.0	66.0
276.0	137.0	24.0	67.0
277.0	137.0	23.0	67.0
278.0	136.0	23.0	68.0
279.0	136.0	22.0	68.0
280.0	135.0	21.0	68.0
280.0	134.0	21.0	69.0
281.0	135.0	21.0	69.0
280.0	135.0	22.0	69.0
281.0	136.0	21.0	67.0
281.0	137.0	21.0	66.0
282.0	137.0	21.0	67.0
283.0	136.0	20.0	68.0
282.0	136.0	21.0	68.0
283.0	136.0	21.0	65.0
283.0	135.0	21.0	67.0
284.0	135.0	21.0	67.0
284.0	135.0	21.0	67.0
284.0	136.0	23.0	67.0
285.0	137.0	22.0	65.0
286.0	137.0	22.0	65.0
286.0	136.0	21.0	66.0
286.0	135.0	22.0	67.0
285.0	135.0	22.0	66.0
285.0	135.0	22.0	67.0
286.0	135.0	21.0	67.0
285.0	135.0	21.0	66.0
285.0	136.0	21.0	66.0
284.0	137.0	21.0	64.0
285.0	138.0	20.0	63.0
284.0	137.0	20.0	64.0
284.0	138.0	19.0	63.0
282.0	137.0	21.0	65.0
282.0	137.0	20.0	64.0
282.0	137.0	18.0	61.0
280.286376953125	140.38204956054688	18.0512638092041	61.17372512817383
279.0074768066406	141.010009765625	17.992908477783203	60.9759635925293
277.0	137.0	20.0	63.0
275.0	139.0	20.0	62.0
274.0	139.0	20.0	60.0
273.13421630859375	141.7099609375	19.820724487304688	59.4621696472168
272.0	139.0	18.0	59.0
270.0	138.0	20.0	60.0
268.89837646484375	139.40989685058594	19.735031127929688	59.20509719848633
265.55596923828125	137.65122985839844	20.019466400146484	60.05839920043945
263.9107360839844	139.67990112304688	19.893352508544922	59.68007278442383
263.0	137.0	19.0	60.0
259.0	139.0	19.0	60.0
259.0	140.0	18.0	59.0
256.0514221191406	138.8603515625	17.809120178222656	58.37434005737305
255.3683319091797	142.8167266845703	17.490192413330078	57.32896041870117
252.0	138.0	18.0	61.0
250.1405792236328	138.1609344482422	17.92068862915039	60.731224060058594
248.06033325195312	138.66754150390625	17.977413177490234	60.9234619140625
244.79983520507812	135.3654327392578	18.275806427001953	61.9346809387207
243.1356201171875	135.19729614257812	18.093677520751953	61.31746292114258
240.7490692138672	138.43203735351562	18.091121673583984	61.308799743652344
238.5970001220703	137.40960693359375	17.81873321533203	60.385704040527344
236.5240020751953	137.48751831054688	17.805438995361328	60.34065628051758
234.53097534179688	137.36752319335938	18.201547622680664	61.683021545410156
232.23226928710938	135.99169921875	18.230499267578125	61.78113555908203
230.34866333007812	137.4990234375	18.327550888061523	62.11003494262695
227.71353149414062	136.816162109375	18.1701602935791	61.5766487121582
225.3682861328125	136.09852600097656	18.2709903717041	61.9183464050293
223.27261352539062	134.0083465576172	18.230926513671875	61.7825813293457
221.5008544921875	134.8341064453125	18.155630111694336	61.52741241455078
220.0	136.0	17.0	61.0
218.69189453125	137.63809204101562	16.995960235595703	60.985504150390625
216.144775390625	136.85763549804688	17.165250778198242	61.59295654296875
214.0	137.0	19.0	59.0
209.0	135.0	22.0	63.0
207.0	135.0	22.0	64.0
207.0	137.0	20.0	62.0
206.0	137.0	20.0	60.0
205.0	138.0	19.0	58.0
201.0	141.0	19.0	54.0
199.0	139.0	20.0	58.0
198.0	138.0	19.0	60.0
196.0	139.0	20.0	60.0
195.0	135.0	21.0	65.0
194.0	135.0	21.0	64.0
194.0	134.0	19.0	62.0
191.0	135.0	20.0	63.0
190.0	137.0	20.0	60.0
188.0	136.0	20.0	61.0
188.0	137.0	19.0	60.0
187.0	138.0	20.0	59.0
185.0	139.0	20.0	60.0
183.0	138.0	20.0	63.0
182.0	137.0	20.0	63.0
181.5281524658203	136.66184997558594	20.34536361694336	64.08790588378906
182.0	135.0	21.0	62.0
182.0	138.0	21.0	58.0
181.0	137.0	20.0	59.0
181.0	137.0	20.0	59.0
181.0	138.0	21.0	60.0
180.0	138.0	20.0	62.0
179.0	137.0	21.0	64.0
180.0	138.0	22.0	63.0
179.0	138.0	21.0	63.0
179.0	137.0	21.0	63.0
178.0	135.0	23.0	64.0
178.0	136.0	22.0	62.0
181.23709106445312	137.38511657714844	21.969648361206055	61.914466857910156
180.0	137.0	21.0	64.0
181.0	137.0	23.0	65.0
184.0	138.0	23.0	64.0
184.0	138.0	22.0	65.0
185.0	137.0	25.0	67.0
189.0	137.0	22.0	66.0
191.0	137.0	22.0	64.0
192.0	136.0	21.0	65.0
191.4221649169922	136.82400512695312	20.690216064453125	64.04114532470703
194.0	135.0	22.0	67.0
195.0	136.0	22.0	65.0
196.0	138.0	21.0	63.0
198.0	137.0	21.0	66.0
199.0	137.0	21.0	65.0
200.0	138.0	21.0	63.0
200.3153533935547	141.58270263671875	20.884517669677734	62.6535530090332
202.0	136.0	22.0	65.0
203.0	135.0	21.0	65.0
205.0	139.0	21.0	57.0
207.0	136.0	22.0	64.0
210.0	136.0	21.0	67.0
213.0	136.0	22.0	67.0
216.0	138.0	20.0	63.0
218.0	139.0	20.0	63.0
219.0580596923828	140.40505981445312	20.439273834228516	64.38371276855469
220.0	138.0	21.0	65.0
221.0	135.0	21.0	68.0
223.0867462158203	136.4484100341797	21.155323028564453	68.50294494628906
226.0	135.0	19.0	62.0
229.0477752685547	138.98782348632812	19.020862579345703	62.06807327270508
230.0	138.0	21.0	58.0
233.0	140.0	16.0	60.0
236.7432861328125	142.70065307617188	16.0179386138916	60.06726837158203
239.0	143.0	17.0	56.0
240.0	138.0	20.0	62.0
243.0	141.0	20.0	59.0
242.56692504882812	141.77490234375	19.92739486694336	58.78582000732422
244.2575225830078	141.5283966064453	20.515228271484375	60.519935607910156
247.0	136.0	21.0	64.0
248.92294311523438	139.0042266845703	20.952404022216797	63.854942321777344
251.7589874267578	142.22769165039062	20.95061683654785	63.8494987487793
255.0	140.0	19.0	60.0
257.0459899902344	144.16293334960938	18.990209579467773	59.969078063964844
259.56683349609375	141.70089721679688	18.923789978027344	59.75933074951172
261.74920654296875	141.17591857910156	19.25096893310547	60.79252243041992
263.17083740234375	140.17636108398438	19.46538734436035	61.469627380371094
265.0	133.0	20.0	70.0
267.0	135.0	20.0	65.0
270.1155090332031	138.01937866210938	20.1843318939209	65.59907531738281
273.0	135.0	18.0	63.0
273.0	135.0	20.0	68.0
276.0	137.0	19.0	65.0
279.0	139.0	19.0	61.0
281.0	137.0	18.0	58.0
282.0	136.0	20.0	65.0
284.0	137.0	21.0	65.0
287.0	136.0	21.0	67.0
288.0	136.0	23.0	68.0
290.0	135.0	22.0	68.0
293.0	136.0	22.0	68.0
295.0	137.0	21.0	68.0
299.0	137.0	21.0	66.0
303.0	137.0	23.0	68.0
305.0	137.0	22.0	68.0
307.0	138.0	22.0	67.0
306.4060363769531	138.8680877685547	22.11133575439453	67.33906555175781
309.0	139.0	20.0	63.0
308.9661560058594	140.31597900390625	19.649417877197266	61.895660400390625
313.45916748046875	141.39015197753906	19.67129135131836	61.96455764770508
315.0	137.0	24.0	68.0
318.0	138.0	24.0	69.0
319.0	138.0	24.0	68.0
320.0	138.0	24.0	67.0
321.626953125	141.1746063232422	24.165790557861328	67.46283721923828
322.0	136.0	24.0	68.0
322.84027099609375	136.12506103515625	24.386844635009766	69.09605407714844
325.390625	136.16526794433594	24.528743743896484	69.49809265136719
327.15972900390625	134.9112548828125	24.521526336669922	69.47764587402344
329.0	136.0	24.0	72.0
332.04022216796875	135.6962432861328	23.880823135375977	71.64247131347656
333.0	138.0	23.0	69.0
333.0	137.0	23.0	72.0
333.0	136.0	23.0	73.0
334.0	137.0	23.0	71.0
335.0	136.0	23.0	73.0
336.0	137.0	24.0	71.0
339.0	136.0	23.0	72.0
340.0	134.0	25.0	75.0
341.0	134.0	25.0	76.0
342.0	137.0	24.0	75.0
342.0	136.0	24.0	75.0
345.26165771484375	139.73068237304688	23.522216796875	73.5069351196289
346.8505859375	138.7594451904297	23.601350784301758	73.75422668457031
345.30194091796875	137.57632446289062	23.751949310302734	74.22483825683594
344.3500671386719	135.96127319335938	23.892520904541016	74.66412353515625
343.76983642578125	138.21578979492188	23.766855239868164	74.27141571044922
344.16766357421875	135.58993530273438	23.93822479248047	74.80694580078125
344.82281494140625	139.6142120361328	23.988534927368164	74.96415710449219
344.87640380859375	141.36209106445312	24.046621322631836	75.14567565917969
343.66998291015625	139.54226684570312	23.96108627319336	74.87837982177734
342.6589050292969	138.9945526123047	24.018041610717773	75.05636596679688
341.9646301269531	138.69190979003906	24.03888511657715	75.12150573730469
337.0	133.0	26.0	80.0
340.07568359375	134.17807006835938	26.254741668701172	80.78382110595703
337.77886962890625	132.91180419921875	26.216754913330078	80.66694641113281
335.0	133.0	23.0	79.0
337.10809326171875	136.15594482421875	22.799184799194336	78.31024169921875
336.1584167480469	137.5970458984375	22.963809967041016	78.87569427490234
331.85601806640625	133.12937927246094	23.002939224243164	79.01009368896484
333.928955078125	136.69375610351562	22.688709259033203	77.9307861328125
330.40191650390625	137.4952392578125	23.034894943237305	79.11985778808594
327.0859069824219	131.27938842773438	23.393268585205078	80.35079193115234
323.90557861328125	129.0548553466797	23.218082427978516	79.74905395507812
320.4139404296875	130.150146484375	23.577470779418945	80.98347473144531
324.0	144.0	20.0	64.0
320.0	142.0	21.0	69.0
319.0	150.0	18.0	57.0
311.0	134.0	24.0	79.0
312.1509704589844	135.53271484375	24.03693199157715	79.12156677246094
308.97015380859375	133.90167236328125	24.57563018798828	80.89479064941406
307.18463134765625	135.37741088867188	24.170692443847656	79.56187438964844
304.949462890625	134.78622436523438	24.174226760864258	79.5735092163086
302.24432373046875	136.62928771972656	24.139835357666016	79.46029663085938
299.94842529296875	134.744873046875	24.091257095336914	79.3003921508789
295.6415100097656	135.62744140625	24.182783126831055	79.60166931152344
293.6368713378906	138.3572235107422	24.187763214111328	79.61805725097656
290.888427734375	136.92282104492188	24.40131187438965	80.32098388671875
286.3795471191406	135.39077758789062	24.390758514404297	80.28623962402344
284.315673828125	138.36282348632812	24.791810989379883	81.60636901855469
281.24530029296875	134.82620239257812	24.739866256713867	81.43537902832031
279.5920104980469	136.79075622558594	24.695663452148438	81.28987884521484
276.9280700683594	134.9055633544922	24.601009368896484	80.97831726074219
275.0	135.0	23.0	80.0
272.0	135.0	24.0	80.0
269.0	136.0	24.0	79.0
266.0	144.0	20.0	65.0
264.0	137.0	24.0	79.0
262.0	140.0	23.0	74.0
259.0	137.0	22.0	77.0
256.0	136.0	23.0	74.0
253.0	135.0	23.0	75.0
252.0	133.0	23.0	78.0
247.0	133.0	25.0	81.0
244.0	134.0	26.0	81.0
242.0	134.0	26.0	82.0
240.0	136.0	25.0	80.0
238.0	136.0	26.0	80.0
236.0	136.0	28.0	80.0
236.0	135.0	28.0	80.0
235.0	134.0	28.0	79.0
234.0	134.0	29.0	80.0
234.0	132.0	30.0	83.0
233.0	132.0	29.0	82.0
232.0	133.0	29.0	80.0
230.0	134.0	30.0	78.0
229.0	135.0	28.0	78.0
228.0	136.0	28.0	77.0
228.0	136.0	27.0	76.0
227.0	134.0	28.0	81.0
227.0	134.0	26.0	79.0
226.0	133.0	25.0	80.0
225.0	133.0	26.0	79.0
225.0	133.0	26.0	81.0
226.0	133.0	25.0	81.0
226.0	133.0	27.0	81.0
225.0	134.0	27.0	80.0
225.0	134.0	27.0	79.0
225.0	136.0	25.0	76.0
226.0	135.0	25.0	76.0
226.0	133.0	27.0	79.0
227.0	132.0	26.0	80.0
228.0	132.0	26.0	79.0
229.0	133.0	26.0	75.0
231.0	133.0	25.0	76.0
231.0	134.0	25.0	76.0
233.0	135.0	23.0	76.0
235.0	136.0	23.0	75.0
235.0	136.0	24.0	74.0
236.0	135.0	23.0	74.0
237.0	134.0	23.0	74.0
238.0	133.0	23.0	74.0
238.0	133.0	24.0	72.0
236.0	133.0	26.0	76.0
240.0	135.0	23.0	70.0
240.0	135.0	24.0	73.0
242.0	135.0	23.0	73.0
243.0	136.0	23.0	73.0
244.0	136.0	23.0	72.0
247.0	136.0	22.0	70.0
248.0	134.0	24.0	75.0
249.0	134.0	25.0	74.0
250.0	134.0	26.0	74.0
252.0	134.0	27.0	75.0
253.0	135.0	25.0	73.0
255.0	136.0	23.0	72.0
257.0	136.0	23.0	73.0
258.0	136.0	24.0	73.0
259.0	137.0	24.0	72.0
261.0	137.0	24.0	72.0
264.0	138.0	23.0	69.0
267.0	137.0	22.0	70.0
269.0	138.0	22.0	70.0
271.0	139.0	21.0	72.0
273.7576599121094	139.34375	21.0516300201416	72.17701721191406
276.03350830078125	137.32174682617188	20.845312118530273	71.46963500976562
277.4798889160156	138.61251831054688	20.684123992919922	70.9169921875
277.02783203125	138.82501220703125	20.828739166259766	71.41282653808594
280.6158752441406	138.3002471923828	21.04695701599121	72.16100311279297
282.65985107421875	137.6709747314453	21.1359920501709	72.46627044677734
283.7048645019531	136.69424438476562	21.0479793548584	72.16452026367188
284.434326171875	136.7946014404297	21.299985885620117	73.0285415649414
285.93841552734375	137.22494506835938	21.264705657958984	72.90758514404297
287.5252380371094	138.44027709960938	20.890422821044922	71.62432861328125
288.5980529785156	139.53321838378906	20.813919067382812	71.36202239990234
290.31866455078125	139.24111938476562	20.542407989501953	70.43112182617188
292.4031677246094	137.52090454101562	20.758638381958008	71.1724853515625
292.3919982910156	135.85618591308594	20.748489379882812	71.1376953125
293.3423767089844	136.48138427734375	20.826690673828125	71.40580749511719
287.0	135.0	24.0	72.0
293.43206787109375	133.36996459960938	24.405834197998047	73.2175064086914
293.846435546875	131.64431762695312	24.30694580078125	72.92085266113281
295.8299255371094	135.32675170898438	23.911006927490234	71.73303985595703
299.0	135.0	22.0	69.0
300.0	136.0	22.0	69.0
301.0	135.0	22.0	70.0
301.0	134.0	22.0	72.0
301.94158935546875	133.8061981201172	22.1385440826416	72.45341491699219
302.9950256347656	130.6255340576172	22.33022689819336	73.08073425292969
304.73175048828125	135.1950225830078	22.540956497192383	73.77040100097656
304.91363525390625	135.0261688232422	22.393945693969727	73.28927612304688
305.83477783203125	131.9810028076172	22.460758209228516	73.5079345703125
309.0	142.0	18.0	60.0
308.0	142.0	19.0	59.0
309.73931884765625	139.6748046875	19.100826263427734	59.31309127807617
310.1149597167969	141.8651123046875	19.139604568481445	59.433509826660156
310.58624267578125	141.20188903808594	19.479049682617188	60.487579345703125
311.0294494628906	138.62722778320312	20.03780746459961	62.2226676940918
310.0	137.0	20.0	70.0
312.0419006347656	136.30429077148438	19.806676864624023	69.32337188720703
311.0	140.0	19.0	69.0
311.0	145.0	18.0	61.0
310.0	139.0	19.0	68.0
311.14093017578125	139.77389526367188	18.913761138916016	67.69136047363281
310.0	140.0	20.0	67.0
310.93328857421875	139.42910766601562	19.826602935791016	66.41911315917969
311.093505859375	141.23037719726562	20.064687728881836	67.2166976928711
310.3726806640625	138.85525512695312	20.11841583251953	67.39668273925781
309.8785705566406	135.84518432617188	20.357776641845703	68.19853210449219
310.0894470214844	132.56088256835938	20.382143020629883	68.28015899658203
310.0430908203125	131.84762573242188	20.292104721069336	67.97853088378906
309.1333312988281	132.7231903076172	20.559133529663086	68.8730697631836
307.0	129.0	22.0	76.0
309.03912353515625	128.53201293945312	21.946720123291016	75.81593322753906
309.45501708984375	130.9744110107422	21.754589080810547	75.15221405029297
307.90899658203125	133.2000274658203	21.884098052978516	75.59960174560547
308.87078857421875	133.22128295898438	22.103803634643555	76.35858154296875
309.9056701660156	133.6980743408203	22.44120216369629	77.5241470336914
308.0	138.0	19.0	65.0
308.0	137.0	20.0	65.0
308.0	138.0	18.0	62.0
307.0	138.0	19.0	63.0
308.0	139.0	18.0	61.0
308.0	137.0	18.0	64.0
308.0	140.0	18.0	61.0
308.0	139.0	18.0	63.0
310.4619140625	140.15272521972656	18.344039916992188	64.20414733886719
310.5966796875	138.3482666015625	18.46902847290039	64.64160919189453
310.1397399902344	136.80587768554688	18.755264282226562	65.64344787597656
310.70953369140625	135.4228515625	18.82549285888672	65.88924407958984
307.0	135.0	21.0	70.0
309.5807800292969	132.7677001953125	21.172903060913086	70.57633972167969
308.2689208984375	132.0723876953125	21.727481842041016	72.4249267578125
307.1075134277344	133.8833465576172	21.720783233642578	72.40260314941406
306.94000244140625	133.3724822998047	22.237037658691406	74.12345123291016
307.0	137.0	21.0	67.0
305.0	133.0	23.0	73.0
306.0	134.0	22.0	71.0
306.0	135.0	22.0	71.0
306.0	137.0	22.0	69.0
306.0	138.0	21.0	68.0
305.0	136.0	22.0	71.0
305.0	137.0	21.0	70.0
303.0	135.0	22.0	71.0
303.0	136.0	21.0	68.0
304.0	135.0	21.0	69.0
305.0	137.0	19.0	66.0
299.0	132.0	23.0	73.0
302.0	136.0	21.0	65.0
302.0	138.0	20.0	66.0
304.0	139.0	19.0	63.0
303.0	140.0	20.0	63.0
301.0	138.0	22.0	67.0
300.135498046875	135.4604034423828	21.884765625	66.64906311035156
299.6938781738281	133.99778747558594	21.98151397705078	66.94371032714844
298.09814453125	133.19432067871094	22.167394638061523	67.50980377197266
296.67401123046875	133.9965362548828	22.111324310302734	67.33903503417969
294.470947265625	133.06918334960938	22.0087890625	67.02677154541016
293.734619140625	136.21337890625	22.183900833129883	67.56006622314453
292.454345703125	134.80059814453125	21.731327056884766	66.18177795410156
292.4349060058594	136.7454376220703	21.49527359008789	65.46287536621094
289.0	140.0	22.0	69.0
287.0	140.0	23.0	68.0
285.0	137.0	24.0	73.0
284.0	137.0	23.0	68.0
280.0	134.0	25.0	72.0
282.0	136.0	21.0	67.0
279.0	134.0	23.0	72.0
275.0	133.0	24.0	73.0
271.0	133.0	24.0	75.0
269.0	139.0	22.0	69.0
267.0	139.0	21.0	67.0
264.0	139.0	20.0	65.0
261.7811584472656	139.1396026611328	20.106815338134766	65.3471450805664
257.43719482421875	138.63528442382812	20.33722686767578	66.09598541259766
257.0	137.0	21.0	67.0
254.0	136.0	21.0	68.0
247.2138214111328	133.3442840576172	20.813709259033203	67.39677429199219
245.3938446044922	134.8815155029297	20.88909149169922	67.64087677001953
243.0	138.0	21.0	69.0
239.0	137.0	23.0	73.0
235.0	136.0	24.0	74.0
235.0	135.0	23.0	72.0
234.0	137.0	22.0	69.0
229.50082397460938	140.40090942382812	21.617717742919922	67.80103302001953
222.0	131.0	26.0	78.0
220.0	133.0	26.0	75.0
217.0	138.0	22.0	70.0
212.0	137.0	24.0	74.0
212.0	141.0	20.0	68.0
207.0	142.0	21.0	68.0
204.0	138.0	22.0	70.0
201.3663330078125	138.6997833251953	21.928298950195312	69.77185821533203
196.908447265625	135.77561950683594	21.42111587524414	68.15809631347656
193.6291961669922	134.9776153564453	21.53079605102539	68.507080078125
191.0	134.0	23.0	74.0
186.0	136.0	23.0	72.0
183.0	137.0	24.0	73.0
175.0	139.0	25.0	74.0
172.91445922851562	140.2937774658203	25.314502716064453	74.9309310913086
170.0	136.0	26.0	76.0
166.9421844482422	137.4962921142578	26.250329971313477	76.73173522949219
164.13916015625	135.5742645263672	26.332067489624023	76.97065734863281
165.0	137.0	23.0	73.0
161.0	140.0	23.0	69.0
157.0	138.0	24.0	73.0
155.0	138.0	26.0	75.0
150.09841918945312	139.75770568847656	26.01064682006836	75.03071594238281
151.0	143.0	25.0	70.0
145.41709899902344	135.6075897216797	24.72457504272461	69.22880554199219
141.0	139.0	25.0	76.0
139.0	138.0	27.0	78.0
137.0	136.0	28.0	80.0
138.0	136.0	26.0	79.0
135.0	134.0	27.0	80.0
135.0	136.0	26.0	77.0
134.0	138.0	25.0	75.0
133.0	139.0	26.0	76.0
132.20074462890625	140.49929809570312	25.95318603515625	75.86316680908203
132.4633026123047	140.6084747314453	25.9783935546875	75.93684387207031
133.0	141.0	24.0	75.0
134.0	142.0	24.0	73.0
135.0	142.0	23.0	70.0
139.13955688476562	143.6067657470703	23.193761825561523	70.58970642089844
139.4337921142578	144.3072967529297	23.557126998901367	71.69559478759766
134.0	138.0	28.0	78.0
135.96385192871094	136.5511932373047	28.048809051513672	78.13597106933594
134.0	137.0	28.0	79.0
135.0	137.0	29.0	79.0
139.0	137.0	28.0	79.0
142.0	137.0	26.0	79.0
144.0	138.0	26.0	77.0
146.0	138.0	25.0	76.0
148.0	138.0	27.0	76.0
150.0	139.0	26.0	72.0
152.0	137.0	25.0	76.0
154.0	137.0	26.0	77.0
155.0	136.0	26.0	79.0
158.0	135.0	27.0	80.0
161.0	135.0	26.0	80.0
164.0	135.0	26.0	79.0
167.0	136.0	25.0	78.0
171.0	136.0	24.0	79.0
174.0	136.0	27.0	81.0
177.0	134.0	26.0	84.0
179.0	135.0	28.0	82.0
180.03207397460938	133.80215454101562	28.200185775756836	82.58625793457031
183.0	132.0	28.0	86.0
186.64974975585938	131.99703979492188	27.575613021850586	84.69652557373047
188.8153533935547	132.28445434570312	27.600910186767578	84.77421569824219
192.86328125	133.7635498046875	27.868793487548828	85.59700012207031
198.0	137.0	24.0	77.0
200.8558807373047	138.18600463867188	23.77578353881836	76.28063201904297
203.37094116210938	137.838623046875	23.912878036499023	76.72047424316406
208.0	134.0	23.0	76.0
210.6678924560547	136.19696044921875	23.192920684814453	76.6374740600586
214.0	133.0	25.0	79.0
217.0	131.0	23.0	84.0
217.0	132.0	26.0	84.0
224.0	133.0	22.0	78.0
227.7879638671875	132.7139129638672	21.89455223083496	77.62614440917969
229.0	135.0	24.0	81.0
233.0	137.0	25.0	77.0
236.0	135.0	23.0	82.0
238.0	135.0	23.0	81.0
242.0	133.0	21.0	82.0
245.1204376220703	133.3282470703125	21.067495346069336	82.26355743408203
249.5107879638672	134.70297241210938	21.119281768798828	82.46576690673828
252.12045288085938	133.4650115966797	21.01796531677246	82.07014465332031
255.0	135.0	25.0	78.0
260.0	135.0	23.0	80.0
262.1609191894531	136.56976318359375	23.205543518066406	80.71493530273438
264.0	134.0	27.0	79.0
266.0	133.0	28.0	84.0
269.0	132.0	26.0	82.0
272.0	131.0	26.0	82.0
273.0	131.0	26.0	81.0
276.0	132.0	25.0	83.0
281.0	136.0	24.0	79.0
286.0	136.0	23.0	80.0
287.79071044921875	136.14767456054688	23.22844886779785	80.79460144042969
289.0	139.0	24.0	75.0
292.0	133.0	26.0	83.0
295.0	132.0	27.0	83.0
297.0	132.0	30.0	84.0
301.0	131.0	27.0	85.0
303.0	131.0	28.0	84.0
305.0	134.0	28.0	82.0
307.0	136.0	26.0	79.0
310.0	137.0	26.0	76.0
312.0	137.0	27.0	77.0
313.0	135.0	27.0	79.0
314.0	135.0	27.0	79.0
316.0	133.0	27.0	82.0
317.0	132.0	28.0	82.0
317.0	132.0	29.0	82.0
319.0	133.0	27.0	82.0
321.0	133.0	25.0	83.0
321.0	135.0	26.0	80.0
321.0	138.0	26.0	77.0
322.0	138.0	25.0	76.0
323.0	137.0	24.0	78.0
325.0	137.0	23.0	77.0
324.3282775878906	138.59205627441406	23.03135108947754	77.1049575805664
324.45379638671875	139.20364379882812	22.879655838012695	76.59710693359375
324.4515686035156	141.2185516357422	22.43374252319336	75.10426330566406
324.56292724609375	142.61624145507812	22.296037673950195	74.64325714111328
321.0	136.0	25.0	75.0
322.1053771972656	138.95999145507812	25.148723602294922	75.44618225097656
320.0	137.0	25.0	74.0
320.0	138.0	24.0	73.0
321.38067626953125	141.37484741210938	23.58652687072754	71.74235534667969
321.0018005371094	141.66397094726562	23.4642276763916	71.370361328125
321.9379577636719	142.28956604003906	23.558847427368164	71.65815734863281
321.81402587890625	141.3143768310547	22.78782081604004	69.31295013427734
322.0	139.0	20.0	64.0
322.0	138.0	19.0	67.0
321.34613037109375	141.05142211914062	19.147424697875977	67.51986694335938
320.99359130859375	140.71517944335938	19.081289291381836	67.28665161132812
318.77667236328125	140.2570037841797	19.159334182739258	67.56185150146484
318.0	137.0	21.0	67.0
316.0	137.0	21.0	67.0
315.00506591796875	137.73056030273438	21.244583129882812	67.78034210205078
314.9326171875	140.09194946289062	21.492942810058594	68.5727310180664
313.5613708496094	139.88719177246094	21.377153396606445	68.20331573486328
311.91424560546875	134.18310546875	21.153657913208008	67.4902572631836
310.91107177734375	134.8666229248047	21.450382232666016	68.43695068359375
312.0	139.0	21.0	67.0
311.0	140.0	24.0	70.0
314.049560546875	139.71426391601562	23.861608505249023	69.59635925292969
314.9993896484375	139.61851501464844	23.811494827270508	69.4501953125
316.2606506347656	136.6533966064453	24.379623413085938	71.10723876953125
317.1722412109375	136.46450805664062	24.58201026916504	71.6975326538086
318.62872314453125	132.78675842285156	24.568706512451172	71.65873718261719
319.55841064453125	136.32373046875	24.30852699279785	70.8998794555664
321.60595703125	138.83580017089844	24.384611129760742	71.12179565429688
322.25408935546875	137.5547637939453	24.100383758544922	70.29280090332031
322.95013427734375	134.94403076171875	24.392995834350586	71.14625549316406
323.3553161621094	137.92337036132812	24.02850341796875	70.08314514160156
325.24407958984375	138.0133819580078	23.7027645111084	69.13307189941406
328.0	143.0	23.0	67.0
327.0	143.0	24.0	66.0
332.0	146.0	21.0	64.0
332.0	147.0	21.0	61.0
333.0	148.0	21.0	58.0
332.0	144.0	22.0	63.0
332.6800842285156	143.58145141601562	22.303796768188477	63.869964599609375
333.0	146.0	20.0	62.0
332.9717102050781	144.1569061279297	20.453569412231445	63.40606689453125
333.6059265136719	142.41928100585938	20.455547332763672	63.412193298339844
332.0	136.0	22.0	68.0
331.0	135.0	23.0	71.0
333.3267517089844	135.9286346435547	22.432788848876953	69.24903869628906
332.7419738769531	136.96359252929688	22.375600814819336	69.07250213623047
332.31365966796875	136.14077758789062	22.52089500427246	69.5210189819336
332.2018127441406	137.89157104492188	22.301851272583008	68.84483337402344
331.79669189453125	139.65914916992188	22.215234756469727	68.57744598388672
332.4746398925781	139.2471160888672	22.153865814208984	68.38800811767578
331.1618957519531	138.8825225830078	22.54770278930664	69.60377502441406
330.97662353515625	139.46945190429688	22.663623809814453	69.96161651611328
331.0	141.0	20.0	67.0
331.61199951171875	138.60714721679688	19.974620819091797	66.91498565673828
331.0	140.0	18.0	65.0
328.0	127.0	14.0	22.0
333.6315612792969	134.51962280273438	14.010584831237793	22.016632080078125
329.0	131.0	20.0	68.0
329.66021728515625	132.2324676513672	20.442060470581055	69.50300598144531
327.7713928222656	135.0889892578125	20.723896026611328	70.46124267578125
328.2489013671875	130.8492431640625	20.636770248413086	70.16500854492188
328.9084777832031	131.05484008789062	20.470680236816406	69.60030364990234
328.0	132.0	19.0	64.0
328.47235107421875	137.24949645996094	19.326122283935547	65.09852600097656
326.0	135.0	20.0	65.0
326.5484313964844	136.58993530273438	20.425312042236328	66.38226318359375
325.45977783203125	140.080322265625	20.732898712158203	67.38191986083984
325.0	141.0	20.0	64.0
325.57745361328125	142.37306213378906	20.212478637695312	64.67993927001953
324.2857360839844	140.28048706054688	20.27827262878418	64.89048767089844
326.09130859375	139.0288848876953	20.81352424621582	66.6032943725586
325.8619384765625	139.9744415283203	21.150840759277344	67.68270874023438
325.96337890625	137.310302734375	21.451168060302734	68.64375305175781
324.0	133.0	21.0	73.0
325.0346374511719	134.8618927001953	20.987356185913086	72.9560546875
327.25665283203125	133.7690887451172	20.994293212890625	72.98017120361328
325.3699035644531	136.57286071777344	20.884639739990234	72.59899139404297
325.0	133.0	23.0	73.0
324.09783935546875	137.2884521484375	22.35422134399414	70.95035552978516
323.8007507324219	137.5435333251953	22.37891960144043	71.02874755859375
324.0	134.0	22.0	67.0
324.0	132.0	23.0	73.0
325.0	134.0	23.0	69.0
324.0418395996094	138.79269409179688	22.974620819091797	68.92387390136719
324.0	134.0	23.0	72.0
324.0	134.0	22.0	71.0
324.0	135.0	20.0	67.0
324.3362731933594	141.0233917236328	20.205610275268555	67.68879699707031
323.8577575683594	137.1909637451172	20.88343620300293	69.95951843261719
323.8475036621094	138.3372039794922	20.33005142211914	68.10567474365234
323.0	138.0	19.0	63.0
323.357177734375	136.78610229492188	19.03624725341797	63.12018966674805
322.5049133300781	138.67965698242188	18.955251693725586	62.85162353515625
322.0	141.0	19.0	58.0
320.0	140.0	21.0	61.0
320.0	137.0	20.0	65.0
319.0	137.0	21.0	67.0
319.0	139.0	20.0	65.0
316.0	139.0	22.0	69.0
315.0419006347656	137.8914794921875	22.625898361206055	70.96305084228516
316.0	140.0	21.0	66.0
315.5037841796875	140.78530883789062	20.904857635498047	65.70098114013672
314.0279846191406	144.34703063964844	20.591903686523438	64.71741485595703
313.3211975097656	139.74703979492188	20.466129302978516	64.32212829589844
312.0	136.0	22.0	70.0
312.0	135.0	21.0	69.0
312.0	138.0	21.0	64.0
312.45086669921875	140.98733520507812	21.104907989501953	64.3197250366211
313.0	141.0	20.0	63.0
312.0	145.0	20.0	60.0
312.0	141.0	21.0	64.0
311.0	142.0	22.0	64.0
312.0	140.0	21.0	66.0
311.0	138.0	22.0	68.0
309.0	137.0	24.0	69.0
311.75738525390625	140.0521240234375	23.832050323486328	68.51714324951172
311.78863525390625	140.80955505371094	23.555648803710938	67.72249603271484
313.0	137.0	21.0	67.0
314.0	137.0	20.0	67.0
314.0	137.0	20.0	66.0
314.0	137.0	21.0	67.0
314.0	138.0	21.0	68.0
315.0	138.0	21.0	67.0
314.0	138.0	22.0	67.0
315.0	137.0	21.0	68.0
314.0	136.0	22.0	70.0
314.0	136.0	22.0	68.0
315.0	137.0	21.0	67.0
315.0	138.0	20.0	65.0
315.0	138.0	20.0	64.0
315.0	138.0	19.0	65.0
315.0	138.0	19.0	64.0
314.0	138.0	20.0	65.0
314.0	140.0	20.0	62.0
314.0	139.0	19.0	62.0
312.92071533203125	142.16091918945312	19.3326358795166	63.08544158935547
313.34326171875	142.87710571289062	18.993484497070312	61.978736877441406
313.6778564453125	142.4120330810547	18.95868492126465	61.86518478393555
313.82073974609375	143.8984832763672	18.853477478027344	61.521873474121094
313.26116943359375	142.0722198486328	19.091188430786133	62.29755783081055
313.0	138.0	18.0	63.0
314.0	138.0	16.0	64.0
314.920654296875	141.03713989257812	15.885171890258789	63.540687561035156
314.52264404296875	137.2058563232422	16.128793716430664	64.51517486572266
314.44342041015625	136.38922119140625	16.302188873291016	65.20875549316406
314.7918395996094	137.67587280273438	16.556665420532227	66.2266616821289
315.53839111328125	136.4765625	16.638341903686523	66.5533676147461
315.4488830566406	135.6725616455078	16.76738166809082	67.06952667236328
315.72845458984375	136.6408233642578	16.740358352661133	66.96143341064453
316.6531982421875	137.08251953125	16.863468170166016	67.45387268066406
314.0	141.0	18.0	58.0
314.0	142.0	18.0	62.0
314.0	141.0	19.0	65.0
314.6078186035156	140.738037109375	18.724702835083008	64.05818939208984
313.75274658203125	140.01255798339844	18.67530059814453	63.889183044433594
314.0	140.0	18.0	63.0
313.0	135.0	19.0	66.0
313.7059631347656	138.22805786132812	19.040252685546875	66.13981628417969
313.3474426269531	134.2527313232422	19.166461944580078	66.5782241821289
313.0463562011719	133.61940002441406	19.277408599853516	66.96361541748047
309.0	125.0	23.0	75.0
309.1144714355469	126.17755126953125	23.133209228515625	75.43437957763672
308.0	129.0	22.0	72.0
308.0	130.0	22.0	71.0
309.0	133.0	20.0	69.0
308.65106201171875	134.7986602783203	19.912179946899414	68.697021484375
308.63128662109375	138.4582061767578	19.993560791015625	68.97779846191406
307.393310546875	137.48458862304688	20.0684814453125	69.23627471923828
308.6755676269531	137.2820281982422	20.22376823425293	69.77201843261719
308.0703125	137.8206329345703	20.554210662841797	70.91204833984375
307.898193359375	136.6494140625	20.305089950561523	70.05257415771484
306.75042724609375	134.7255859375	20.64475440979004	71.22441864013672
308.0	137.0	19.0	67.0
308.0	134.0	20.0	68.0
308.0	134.0	22.0	67.0
306.6341247558594	136.87461853027344	21.602561950683594	65.78962707519531
306.173095703125	138.43923950195312	21.500179290771484	65.47782897949219
307.0	132.0	22.0	71.0
306.8094787597656	134.8030242919922	22.251577377319336	71.81192016601562
307.0	133.0	21.0	69.0
308.0	134.0	21.0	69.0
307.0	136.0	21.0	67.0
307.0	135.0	21.0	69.0
308.128173828125	137.35806274414062	20.81768226623535	68.40095520019531
307.96240234375	137.2416534423828	20.891292572021484	68.64280700683594
307.0	136.0	20.0	67.0
308.51153564453125	137.83026123046875	19.868545532226562	66.55963134765625
307.0	137.0	20.0	66.0
308.73406982421875	137.19485473632812	19.867420196533203	65.56248474121094
308.1567077636719	137.20147705078125	20.04068946838379	66.13426971435547
307.0	135.0	21.0	70.0
308.7967224121094	137.5166778564453	20.77756118774414	69.25852966308594
308.69854736328125	134.52691650390625	20.674333572387695	68.91443634033203
309.0	137.0	20.0	66.0
310.0	136.0	20.0	67.0
310.0	135.0	21.0	71.0
311.0	138.0	20.0	65.0
312.0	139.0	21.0	64.0
312.0	139.0	23.0	64.0
313.0	140.0	22.0	63.0
312.0	139.0	21.0	65.0
313.0	139.0	22.0	65.0
313.70880126953125	140.18919372558594	22.52367401123047	66.54722595214844
315.09686279296875	140.2410125732422	22.47690200805664	66.4090347290039
316.69696044921875	140.71778869628906	22.70514488220215	67.08338928222656
317.08905029296875	141.68209838867188	22.63565444946289	66.8780746459961
317.6996154785156	140.83779907226562	22.610523223876953	66.80381774902344
319.81951904296875	142.19515991210938	22.57748031616211	66.70619201660156
320.15509033203125	141.23745727539062	22.393253326416016	66.1618881225586
321.9956970214844	142.95700073242188	22.102869033813477	65.3039321899414
324.1629943847656	143.49600219726562	21.82980728149414	64.49715423583984
325.0	142.0	21.0	59.0
327.4105224609375	147.4309844970703	21.079479217529297	59.223304748535156
327.7799377441406	145.5737762451172	21.47433090209961	60.3326530456543
330.67022705078125	144.99319458007812	21.341999053955078	59.96085739135742
330.0	136.0	22.0	67.0
334.0	141.0	19.0	59.0
336.2703552246094	144.6390380859375	18.939640045166016	58.81256103515625
336.0	137.0	20.0	66.0
337.7132568359375	138.642578125	19.894521713256836	65.65191650390625
335.0	131.0	23.0	77.0
336.0	130.0	24.0	77.0
339.0	134.0	20.0	66.0
342.10546875	136.24050903320312	20.258142471313477	66.85187530517578
343.54437255859375	139.53485107421875	19.82187271118164	65.41218566894531
341.0	135.0	21.0	67.0
344.7210388183594	143.88455200195312	20.572002410888672	65.63447570800781
346.0	141.0	20.0	65.0
346.1853942871094	143.3789520263672	19.98514747619629	64.95172882080078
347.93634033203125	145.80331420898438	20.093111038208008	65.3026123046875
348.03009033203125	145.42477416992188	20.041290283203125	65.13419342041016
349.1011657714844	146.95193481445312	20.061769485473633	65.20074462890625
350.4191589355469	146.83193969726562	19.926631927490234	64.76154327392578
349.4813537597656	144.76951599121094	20.19907569885254	65.64698791503906
349.4009704589844	146.2690887451172	20.433124542236328	66.40764617919922
350.0358581542969	144.15835571289062	20.665081024169922	67.16151428222656
349.5754089355469	144.2257843017578	20.726224899291992	67.36023712158203
347.89190673828125	141.39840698242188	20.98971939086914	68.21659851074219
349.32049560546875	144.93191528320312	20.994314193725586	68.23152923583984
347.99468994140625	144.18966674804688	20.989627838134766	68.21629333496094
347.92999267578125	143.0255126953125	21.189708709716797	68.86656188964844
347.0	146.0	20.0	62.0
346.93505859375	145.42872619628906	20.384206771850586	63.19104766845703
346.79876708984375	145.2823028564453	20.113666534423828	62.35236740112305
346.208984375	143.5789337158203	20.079471588134766	62.246368408203125
346.5084533691406	141.60519409179688	20.281269073486328	62.8719482421875
344.7338562011719	139.68211364746094	20.27047348022461	62.8384895324707
344.5960388183594	139.4082794189453	19.96375274658203	61.88764572143555
342.25677490234375	137.13656616210938	20.003124237060547	62.00969696044922
342.46026611328125	137.6246795654297	20.16343879699707	62.50667190551758
340.83990478515625	139.1397705078125	20.314437866210938	62.974769592285156
341.3279113769531	139.7664794921875	20.39962387084961	63.23884963989258
340.4599304199219	145.46121215820312	20.833415985107422	64.58360290527344
339.2793273925781	143.5977783203125	20.91409683227539	64.83372497558594
338.243408203125	143.91189575195312	21.38530158996582	66.29446411132812
337.96466064453125	142.117431640625	21.322864532470703	66.10090637207031
338.6206970214844	142.09544372558594	21.6817626953125	67.21349334716797
338.00604248046875	143.32650756835938	21.6456241607666	67.1014633178711
335.0	133.0	23.0	75.0
335.0	131.0	24.0	78.0
338.0	130.0	23.0	78.0
337.3541564941406	134.4811553955078	23.11890983581543	78.40325927734375
336.1473083496094	136.65878295898438	23.252431869506836	78.85607147216797
337.50885009765625	133.3643341064453	23.306964874267578	79.041015625
336.23126220703125	137.2108612060547	23.177837371826172	78.60310363769531
338.4115295410156	135.3292236328125	22.837121963500977	77.44763946533203
337.75982666015625	133.8653564453125	22.993289947509766	77.97725677490234
339.0	133.0	22.0	77.0
338.62115478515625	135.80191040039062	21.754188537597656	76.13966369628906
339.0	133.0	21.0	77.0
338.0	134.0	22.0	77.0
338.0	133.0	22.0	77.0
339.0	137.0	21.0	72.0
338.0	134.0	21.0	76.0
340.0	139.0	20.0	70.0
337.0	132.0	23.0	78.0
339.02838134765625	133.79544067382812	22.535383224487305	76.4243392944336
339.1839599609375	135.22030639648438	22.30051040649414	75.62779235839844
338.0	133.0	23.0	77.0
338.14923095703125	132.4744415283203	23.048816680908203	77.1634292602539
337.0810546875	134.45587158203125	23.243038177490234	77.81365966796875
338.2174072265625	132.11947631835938	23.324861526489258	78.08759307861328
337.1236572265625	133.1547088623047	23.606679916381836	79.03108215332031
337.57562255859375	134.37991333007812	23.571531295776367	78.91341400146484
338.1440124511719	136.6772918701172	23.378820419311523	78.26825714111328
340.0	142.0	21.0	66.0
339.0	143.0	21.0	66.0
337.85980224609375	141.45339965820312	21.268848419189453	66.84495544433594
336.1015625	140.45645141601562	21.709192276000977	68.22889709472656
334.0	142.0	23.0	70.0
333.0	143.0	23.0	70.0
331.0	143.0	23.0	71.0
331.0	144.0	23.0	69.0
330.0	144.0	23.0	70.0
328.0	144.0	24.0	69.0
330.200439453125	145.63668823242188	23.97626304626465	68.9317626953125
329.0	143.0	22.0	70.0
327.7454528808594	141.896728515625	22.15850830078125	70.50434112548828
325.5384826660156	140.31668090820312	22.629919052124023	72.00428771972656
323.07244873046875	138.5030517578125	22.7205810546875	72.29276275634766
323.4573059082031	139.15139770507812	22.776203155517578	72.46974182128906
319.9327392578125	138.16665649414062	23.278335571289062	74.06743621826172
318.4346618652344	139.35714721679688	23.285842895507812	74.09132385253906
316.4114074707031	141.38882446289062	23.468585968017578	74.67278289794922
314.5013122558594	137.5784912109375	23.432666778564453	74.55850219726562
309.0	137.0	27.0	82.0
307.0	137.0	28.0	82.0
307.0	138.0	27.0	77.0
304.0	136.0	27.0	78.0
300.0	133.0	28.0	82.0
299.0	132.0	28.0	84.0
296.0	136.0	27.0	79.0
292.0	137.0	27.0	77.0
288.0	136.0	28.0	83.0
284.0	137.0	29.0	85.0
282.0	134.0	28.0	87.0
279.63262939453125	135.6743621826172	27.803518295288086	86.38951110839844
277.0	130.0	27.0	88.0
274.1648254394531	131.2371826171875	27.10906982421875	88.35548400878906
268.6269836425781	130.14181518554688	27.389225006103516	89.2685775756836
266.19146728515625	128.88613891601562	27.442846298217773	89.44334411621094
264.0	132.0	30.0	87.0
262.0	135.0	29.0	86.0
256.0	134.0	29.0	91.0
249.0	133.0	31.0	94.0
247.0	134.0	31.0	91.0
245.0	130.0	31.0	94.0
240.0	128.0	32.0	94.0
238.0	127.0	30.0	98.0
234.0	127.0	30.0	98.0
230.0	127.0	32.0	97.0
225.0	135.0	30.0	91.0
224.0	132.0	31.0	97.0
221.0	133.0	31.0	98.0
214.9470977783203	136.27584838867188	30.973247528076172	97.91543579101562
212.98049926757812	135.89114379882812	30.62832260131836	96.82502746582031
209.6941375732422	135.6885986328125	30.65144920349121	96.89813995361328
208.0	131.0	29.0	98.0
206.0	129.0	30.0	101.0
203.0	133.0	30.0	95.0
199.0	135.0	30.0	94.0
196.0	134.0	31.0	97.0
188.20396423339844	138.907958984375	31.1217098236084	97.3808364868164
