4.0	169.0	9.0	13.0
3.0	168.0	11.0	14.0
3.0	168.0	12.0	15.0
4.0	169.0	11.0	14.0
4.0	168.0	12.0	15.0
5.0	168.0	10.0	14.0
5.0	168.0	13.0	15.0
5.0	168.0	13.0	15.0
5.0	168.0	13.0	15.0
5.0	168.0	13.0	15.0
5.708895206451416	167.3515625	12.999801635742188	14.99976921081543
6.406547546386719	167.76632690429688	12.967622756958008	14.962638854980469
5.0	167.0	13.0	15.0
6.6206183433532715	167.9713592529297	12.84416675567627	14.82019329071045
7.843280792236328	168.41868591308594	12.69723892211914	14.650660514831543
8.237001419067383	168.09805297851562	12.776113510131836	14.741670608520508
8.269524574279785	168.36285400390625	12.657649040222168	14.60498046875
8.413823127746582	168.252197265625	12.698023796081543	14.651568412780762
9.04356861114502	167.8685760498047	12.958734512329102	14.95238971710205
9.822035789489746	168.35342407226562	12.983823776245117	14.981338500976562
9.877632141113281	167.84695434570312	13.080904006958008	15.093353271484375
10.525525093078613	167.93478393554688	13.034686088562012	15.04002571105957
10.616902351379395	167.53363037109375	13.408398628234863	15.471232414245605
9.95383071899414	167.7287139892578	13.5831937789917	15.672920227050781
11.725929260253906	167.78192138671875	13.432632446289062	15.49919605255127
12.343208312988281	168.1278076171875	13.370279312133789	15.427250862121582
12.459617614746094	168.33969116210938	13.279629707336426	15.322654724121094
13.215795516967773	168.85354614257812	13.208971977233887	15.241125106811523
13.604375839233398	169.39183044433594	13.2678861618042	15.309102058410645
14.535713195800781	168.68539428710938	13.400715827941895	15.462367057800293
14.441800117492676	168.94552612304688	13.293869018554688	15.339082717895508
15.020146369934082	168.8616943359375	13.432777404785156	15.499361991882324
15.71220588684082	168.4412078857422	13.447453498840332	15.51629638671875
15.749882698059082	168.4940185546875	13.527908325195312	15.60912799835205
16.482044219970703	167.86441040039062	13.70288372039795	15.811022758483887
17.28130531311035	167.91488647460938	13.441879272460938	15.509862899780273
17.701250076293945	168.02491760253906	13.262283325195312	15.302637100219727
18.897497177124023	168.3418426513672	13.2086181640625	15.240715026855469
19.020376205444336	168.03842163085938	13.51451587677002	15.593673706054688
20.003032684326172	167.72341918945312	13.600957870483398	15.693412780761719
20.817859649658203	167.567138671875	13.775848388671875	15.895208358764648
21.10219955444336	166.97438049316406	13.914098739624023	16.054729461669922
22.016725540161133	167.00863647460938	14.128840446472168	16.302509307861328
22.724212646484375	167.0435028076172	14.114178657531738	16.28559112548828
23.462886810302734	167.3571014404297	14.311796188354492	16.51361083984375
24.372060775756836	167.36708068847656	14.368932723999023	16.579538345336914
25.608322143554688	167.81143188476562	14.273615837097168	16.469554901123047
25.459091186523438	168.05191040039062	14.382516860961914	16.5952091217041
26.781536102294922	167.77418518066406	14.294282913208008	16.4934024810791
27.394683837890625	167.38165283203125	14.368327140808105	16.578840255737305
27.673492431640625	167.6887664794922	14.356823921203613	16.565567016601562
28.532939910888672	168.01846313476562	14.315464973449707	16.517845153808594
29.444433212280273	168.9471893310547	14.264022827148438	16.4584903717041
30.094913482666016	169.18540954589844	14.190218925476074	16.37333106994629
30.801197052001953	168.47117614746094	14.052624702453613	16.214567184448242
31.976242065429688	168.011962890625	14.050527572631836	16.212146759033203
31.806644439697266	168.74732971191406	14.062353134155273	16.225791931152344
33.193138122558594	167.91091918945312	14.226704597473145	16.415428161621094
34.28668975830078	167.99569702148438	14.233983993530273	16.423828125
34.87211608886719	168.41024780273438	14.254534721374512	16.447540283203125
35.68701934814453	167.93392944335938	14.387163162231445	16.60057258605957
37.1820068359375	168.00326538085938	14.431146621704102	16.651323318481445
37.44211959838867	168.1581268310547	14.564338684082031	16.805004119873047
37.8357048034668	168.3543243408203	14.664276123046875	16.920318603515625
39.631919860839844	168.87135314941406	14.286447525024414	16.484363555908203
40.372230529785156	167.84844970703125	14.453335762023926	16.676925659179688
41.343788146972656	168.84567260742188	14.440515518188477	16.662134170532227
42.33563995361328	168.5283966064453	14.547819137573242	16.785945892333984
42.791255950927734	167.8000946044922	14.819374084472656	17.09927749633789
44.1174430847168	168.00946044921875	14.596155166625977	16.841716766357422
45.35753631591797	168.42831420898438	14.628028869628906	16.878494262695312
46.524200439453125	168.48863220214844	14.5532808303833	16.792245864868164
47.498634338378906	168.2037353515625	14.7217435836792	16.98662757873535
47.9655876159668	168.16708374023438	14.849499702453613	17.1340389251709
48.297977447509766	167.8264923095703	14.909425735473633	17.203184127807617
49.90943908691406	168.1704559326172	14.86468505859375	17.151559829711914
51.31300735473633	168.55581665039062	14.917630195617676	17.212650299072266
52.20463180541992	168.86944580078125	14.951403617858887	17.25162124633789
53.32593536376953	168.7915496826172	15.178446769714355	17.513595581054688
53.571556091308594	168.29759216308594	15.474810600280762	17.855554580688477
55.405982971191406	168.2753143310547	15.550359725952148	17.94272804260254
56.28882598876953	168.31333923339844	15.48564624786377	17.868059158325195
57.16371536254883	167.87322998046875	15.470664978027344	17.850772857666016
58.05949783325195	168.22409057617188	15.494989395141602	17.87883949279785
59.053955078125	167.99851989746094	15.318803787231445	17.675548553466797
60.14385223388672	168.15109252929688	15.267839431762695	17.616743087768555
61.354148864746094	168.3671112060547	15.335911750793457	17.69528579711914
62.80791473388672	168.5770721435547	15.655923843383789	18.064529418945312
63.6082763671875	168.5819091796875	15.877093315124512	18.319726943969727
64.86254119873047	168.15579223632812	16.099159240722656	18.575958251953125
65.81617736816406	168.06735229492188	16.334693908691406	18.847728729248047
66.90364837646484	167.89242553710938	16.48849105834961	19.025188446044922
68.95060729980469	168.10354614257812	16.59494972229004	19.148025512695312
68.97276306152344	168.3978729248047	16.930789947509766	19.535533905029297
70.30805206298828	167.7715301513672	16.898853302001953	19.49868392944336
71.54962158203125	167.81973266601562	16.92167091369629	19.525009155273438
74.1058349609375	167.55116271972656	16.90073013305664	19.50084686279297
73.83235931396484	168.09620666503906	16.94931411743164	19.55690574645996
75.33796691894531	168.17054748535156	17.257556915283203	19.91257095336914
76.47251892089844	167.6580047607422	17.58797836303711	20.293827056884766
77.97814178466797	166.96707153320312	17.953216552734375	20.715259552001953
79.6197509765625	167.6938018798828	17.817089080810547	20.558189392089844
81.04496002197266	167.2265625	17.936481475830078	20.69594955444336
82.4725341796875	167.08697509765625	18.26608657836914	21.076265335083008
84.294677734375	166.96766662597656	18.397424697875977	21.22780990600586
86.08443450927734	167.87033081054688	18.320934295654297	21.13955307006836
86.93992614746094	166.87490844726562	18.3936824798584	21.223491668701172
89.63349151611328	167.9279327392578	18.569107055664062	21.425905227661133
92.00099182128906	168.0526885986328	18.651546478271484	21.52103042602539
93.20450592041016	168.47872924804688	18.771869659423828	21.65986442565918
95.04508209228516	168.484375	18.903711318969727	21.811986923217773
95.317626953125	168.20858764648438	19.079540252685547	22.01486587524414
98.12495422363281	166.99429321289062	19.146419525146484	22.0920352935791
101.0523910522461	167.93699645996094	19.629497528076172	22.64943504333496
102.3880615234375	168.47288513183594	19.55850601196289	22.567522048950195
104.26212310791016	169.01565551757812	19.714853286743164	22.747920989990234
106.5982437133789	169.13645935058594	19.58745574951172	22.600923538208008
109.33902740478516	167.34835815429688	19.675323486328125	22.702306747436523
109.6891098022461	168.16519165039062	20.245216369628906	23.35987663269043
113.04361724853516	169.34060668945312	20.14150619506836	23.24021339416504
114.93623352050781	169.5717315673828	20.123414993286133	23.219337463378906
116.92755126953125	169.512451171875	20.409406661987305	23.549327850341797
119.50577545166016	168.89425659179688	20.236385345458984	23.349689483642578
124.35200500488281	169.5865020751953	20.679683685302734	23.861188888549805
126.04393005371094	169.66690063476562	21.12359046936035	24.37338638305664
129.03073120117188	169.4482879638672	21.557292938232422	24.87381362915039
132.3082733154297	170.04586791992188	22.081298828125	25.478437423706055
136.80787658691406	170.48712158203125	22.4078369140625	25.855213165283203
139.98362731933594	171.46731567382812	22.238849639892578	25.660226821899414
143.45855712890625	171.7523193359375	22.589679718017578	26.06502914428711
148.188720703125	173.18319702148438	22.665578842163086	26.152606964111328
151.79336547851562	172.4254150390625	22.809391021728516	26.31854248046875
157.70407104492188	175.7550048828125	22.96079444885254	26.493236541748047
162.1267852783203	177.65505981445312	23.375520706176758	26.97176742553711
166.7854766845703	176.3604736328125	22.96893882751465	26.502634048461914
171.24038696289062	178.17379760742188	23.066036224365234	26.614673614501953
176.71144104003906	178.1624755859375	23.473743438720703	27.085107803344727
181.1688232421875	178.95355224609375	23.769975662231445	27.42691421508789
187.1074676513672	180.87002563476562	24.046127319335938	27.745553970336914
191.9152374267578	181.48184204101562	24.103708267211914	27.811992645263672
197.50877380371094	183.5500946044922	24.383413314819336	28.134729385375977
204.12960815429688	187.46237182617188	24.314830780029297	28.05559730529785
210.4812469482422	187.5099639892578	24.23981475830078	27.969043731689453
217.19931030273438	189.06317138671875	24.2955322265625	28.033334732055664
224.4876708984375	191.43069458007812	24.460086822509766	28.22320556640625
233.75244140625	192.6613311767578	24.901248931884766	28.73223876953125
240.73190307617188	195.1424560546875	24.6639347076416	28.45841407775879
249.58670043945312	195.43719482421875	24.53158950805664	28.305706024169922
256.781005859375	198.0242919921875	24.244861602783203	27.974864959716797
265.6842041015625	198.41490173339844	24.19943618774414	27.922454833984375
272.53729248046875	197.89300537109375	24.6812744140625	28.478424072265625
280.2027282714844	196.52267456054688	24.781164169311523	28.59368324279785
289.57354736328125	198.1027069091797	25.06970977783203	28.926620483398438
297.25421142578125	197.71275329589844	25.254093170166016	29.13936996459961
310.2872009277344	200.26290893554688	25.4487361907959	29.36395835876465
324.8232421875	205.9523468017578	25.320262908935547	29.215723037719727
335.9564514160156	205.40237426757812	25.884689331054688	29.866985321044922
341.88568115234375	202.90882873535156	26.72537612915039	30.83700942993164
354.6822204589844	203.35142517089844	27.10544776916504	31.27555274963379
367.2429504394531	206.5466766357422	27.08688735961914	31.254135131835938
379.56695556640625	208.2808074951172	27.387691497802734	31.60121726989746
376.7819519042969	211.96780395507812	24.723957061767578	32.11038589477539
373.1340637207031	218.00291442871094	21.918977737426758	32.50431442260742
366.9718017578125	221.42906188964844	20.246673583984375	32.44845962524414
359.25006103515625	218.83755493164062	20.533212661743164	32.907684326171875
