215.0	167.0	113.0	63.0
225.0	166.0	108.0	63.0
234.0	167.0	104.0	59.0
241.0	167.0	101.0	57.0
251.0	168.0	96.0	55.0
259.0	168.0	92.0	53.0
266.0	169.0	89.0	51.0
272.0	169.0	86.0	49.0
279.0	169.0	82.0	48.0
286.0	169.0	79.0	47.0
291.0	169.0	77.0	46.0
297.0	169.0	75.0	45.0
301.0	170.0	73.0	43.0
307.0	170.0	70.0	42.0
311.0	171.0	67.0	41.0
316.0	171.0	65.0	41.0
320.0	172.0	63.0	40.0
324.0	172.0	61.0	39.0
327.0	172.0	60.0	38.0
331.0	172.0	58.0	37.0
335.0	172.0	57.0	37.0
339.0	172.0	55.0	36.0
342.0	173.0	53.0	34.0
345.0	173.0	51.0	33.0
348.0	173.0	52.0	33.0
350.0	173.0	50.0	32.0
353.0	172.0	48.0	33.0
355.0	173.0	47.0	31.0
357.0	173.0	47.0	31.0
358.0	173.0	48.0	30.0
363.0	174.0	44.0	29.0
365.0	174.0	44.0	28.0
367.0	174.0	44.0	28.0
369.0	174.0	42.0	28.0
370.0	174.0	41.0	28.0
372.0	174.0	41.0	27.0
374.0	174.0	41.0	27.0
376.0	174.0	39.0	27.0
378.0	174.0	38.0	26.0
380.0	174.0	38.0	26.0
382.0	174.0	37.0	26.0
383.0	175.0	37.0	25.0
385.0	175.0	36.0	25.0
386.0	175.0	36.0	25.0
388.0	175.0	35.0	25.0
389.0	175.0	34.0	24.0
391.0	176.0	33.0	22.0
392.0	175.0	34.0	24.0
393.0	175.0	33.0	23.0
396.0	176.0	32.0	22.0
397.0	176.0	32.0	22.0
398.0	175.0	32.0	23.0
399.0	176.0	32.0	22.0
400.0	176.0	31.0	22.0
400.0	176.0	31.0	22.0
401.0	176.0	31.0	22.0
403.0	176.0	30.0	21.0
404.0	176.0	29.0	21.0
405.0	177.0	29.0	20.0
406.0	176.0	28.0	20.0
407.0	176.0	29.0	21.0
408.0	176.0	28.0	20.0
410.0	176.0	27.0	20.0
410.0	176.0	27.0	20.0
411.0	177.0	27.0	19.0
412.0	178.0	26.0	19.0
412.0	178.0	26.0	19.0
413.0	178.0	26.0	19.0
413.0	177.0	26.0	19.0
414.0	177.0	26.0	19.0
416.0	177.0	25.0	19.0
416.0	177.0	26.0	18.0
418.0	176.0	24.0	18.0
417.0	177.0	25.0	17.0
418.0	177.0	24.0	18.0
419.0	177.0	24.0	18.0
419.0	178.0	24.0	17.0
420.0	177.0	23.0	18.0
421.0	178.0	22.0	16.0
422.0	176.0	24.0	18.0
422.0	176.0	24.0	18.0
423.0	176.0	24.0	18.0
425.0	178.0	22.0	16.0
425.0	177.0	22.0	17.0
425.0	177.0	22.0	16.0
426.0	178.0	22.0	15.0
427.0	177.0	21.0	16.0
426.0	177.0	22.0	16.0
428.0	178.0	20.0	15.0
428.0	177.0	21.0	16.0
429.0	177.0	20.0	16.0
429.0	177.0	20.0	15.0
431.0	175.0	20.0	16.0
431.0	176.0	20.0	16.0
432.0	175.0	20.0	17.0
431.0	177.0	21.0	15.0
432.0	176.0	20.0	16.0
432.0	176.0	21.0	16.0
433.0	175.0	21.0	16.0
433.0	176.0	20.0	16.0
434.0	177.0	19.0	15.0
433.0	176.0	20.0	15.0
434.0	176.0	19.0	15.0
434.0	177.0	19.0	15.0
434.0	178.0	19.0	14.0
435.0	178.0	19.0	14.0
435.0	179.0	19.0	13.0
436.0	178.0	19.0	14.0
436.0	178.0	19.0	13.0
436.0	177.0	18.0	14.0
437.0	176.0	19.0	15.0
437.0	178.0	19.0	14.0
438.0	177.0	18.0	14.0
438.0	178.0	19.0	13.0
439.0	178.0	17.0	13.0
440.0	178.0	17.0	13.0
440.0	178.0	17.0	12.0
440.0	178.0	18.0	13.0
439.90423583984375	178.63754272460938	17.907135009765625	12.932929992675781
441.0	178.0	18.0	13.0
442.0	178.0	17.0	13.0
442.0	177.0	17.0	14.0
442.0	178.0	17.0	12.0
442.0	177.0	18.0	13.0
442.0	177.0	18.0	13.0
442.5286560058594	177.13897705078125	17.650924682617188	12.747889518737793
442.67816162109375	177.18887329101562	17.481664657592773	12.625645637512207
444.0	174.0	18.0	15.0
443.08551025390625	175.23873901367188	18.05435562133789	15.045295715332031
443.6693420410156	175.23065185546875	18.1424503326416	15.118707656860352
444.12921142578125	175.1326446533203	18.16924476623535	15.141035079956055
445.0	175.0	17.0	14.0
444.74737548828125	175.90902709960938	17.127851486206055	14.1052885055542
445.7828674316406	175.60997009277344	17.179363250732422	14.147709846496582
446.10955810546875	175.47628784179688	17.175827026367188	14.144800186157227
446.2705993652344	175.8562469482422	16.892953872680664	13.911847114562988
445.5704040527344	176.1279754638672	16.926788330078125	13.939709663391113
445.5811462402344	175.9927520751953	17.182079315185547	14.14995002746582
445.7630920410156	176.309814453125	17.057388305664062	14.047262191772461
446.3394470214844	175.775390625	17.1871280670166	14.154106140136719
445.879638671875	175.46080017089844	17.383831024169922	14.316096305847168
446.74981689453125	175.60275268554688	17.31183624267578	14.256807327270508
447.03753662109375	176.0509033203125	17.16341781616211	14.1345796585083
447.103759765625	175.36270141601562	17.280029296875	14.230611801147461
447.7633361816406	175.97637939453125	17.102161407470703	14.084132194519043
448.56268310546875	176.03680419921875	16.905231475830078	13.921953201293945
447.67633056640625	176.0728759765625	16.91719627380371	13.931806564331055
447.15570068359375	175.69369506835938	16.812761306762695	13.845800399780273
450.0	177.0	15.0	11.0
450.9193420410156	177.35459899902344	14.876779556274414	10.909638404846191
450.45263671875	177.73193359375	14.628288269042969	10.727411270141602
451.55401611328125	178.28366088867188	14.480110168457031	10.61874771118164
450.91961669921875	177.5211639404297	14.44011402130127	10.58941650390625
451.961181640625	177.22164916992188	14.167920112609863	10.38980770111084
452.49072265625	177.38925170898438	14.194639205932617	10.409402847290039
452.8329162597656	177.40362548828125	14.068769454956055	10.317098617553711
453.0148010253906	177.78128051757812	14.191454887390137	10.40706729888916
452.5907287597656	178.17745971679688	14.222905158996582	10.430130958557129
453.5234375	177.7067108154297	14.174079895019531	10.394326210021973
453.25897216796875	178.06582641601562	14.200448989868164	10.413662910461426
453.7435607910156	178.63525390625	14.425105094909668	10.578410148620605
453.99517822265625	178.67300415039062	14.281804084777832	10.473321914672852
453.6714782714844	178.65997314453125	14.398137092590332	10.558632850646973
453.8934631347656	178.85255432128906	14.295063972473145	10.48304557800293
454.77618408203125	178.87106323242188	14.443499565124512	10.591898918151855
455.072998046875	178.81619262695312	14.31505012512207	10.497701644897461
454.97509765625	178.97486877441406	14.31018352508545	10.494132995605469
455.3563537597656	178.74069213867188	14.457265853881836	10.601994514465332
455.059326171875	178.04238891601562	14.226949691772461	10.433095932006836
455.3486328125	177.38021850585938	14.352264404296875	10.524992942810059
455.3102111816406	177.34982299804688	14.752012252807617	10.81814193725586
455.7279357910156	177.18995666503906	14.540806770324707	10.663257598876953
457.0	177.0	13.0	9.0
456.875	176.17556762695312	13.008387565612793	10.0
456.76922607421875	176.10720825195312	13.134134292602539	10.16425609588623
456.48492431640625	176.1425018310547	12.969098091125488	10.110774040222168
456.87506103515625	175.7908172607422	12.7844820022583	10.052401542663574
457.04840087890625	175.84007263183594	12.753889083862305	10.065221786499023
457.88372802734375	175.68484497070312	12.83423137664795	10.170089721679688
457.08343505859375	175.79391479492188	12.821237564086914	10.194524765014648
457.37945556640625	176.3753204345703	12.945123672485352	10.29302978515625
457.97369384765625	176.604248046875	13.213313102722168	10.50627613067627
