20.0	126.0	122.0	121.0
35.0	127.0	118.0	118.0
52.0	131.0	112.0	111.0
69.0	132.0	106.0	109.0
80.0	135.0	104.0	103.0
93.0	136.0	94.0	100.0
102.0	137.0	93.0	98.0
110.0	139.0	93.0	94.0
123.0	140.0	87.0	93.0
131.0	141.0	86.0	94.0
139.0	142.0	83.0	93.0
147.0	142.0	80.0	98.0
153.0	143.0	79.0	101.0
164.0	147.0	75.0	84.0
168.0	147.0	82.0	86.0
177.0	151.0	72.0	75.0
184.0	149.0	70.0	80.0
190.0	151.0	68.0	73.0
199.0	156.0	62.0	65.0
204.0	153.0	61.0	70.0
209.8992919921875	150.51771545410156	60.48066329956055	69.40403747558594
216.0	158.0	62.0	57.0
222.0	156.0	58.0	61.0
226.0	155.0	58.0	60.0
230.0	156.0	55.0	63.0
234.0	155.0	55.0	73.0
238.0	160.0	56.0	53.0
245.521484375	159.05984497070312	55.17987823486328	52.22380828857422
250.2542266845703	160.32667541503906	53.3958625793457	50.535369873046875
254.5688018798828	160.2763671875	52.9931755065918	50.154258728027344
256.30328369140625	160.59835815429688	53.13622283935547	50.289642333984375
260.111083984375	160.55833435058594	53.37128829956055	50.512115478515625
261.8759765625	161.58094787597656	52.66135787963867	49.84021759033203
265.9400939941406	160.31326293945312	52.82355880737305	49.99373245239258
269.3002014160156	160.39944458007812	52.18510818481445	49.389488220214844
272.9125061035156	161.94107055664062	51.6160888671875	48.850948333740234
274.46099853515625	162.21107482910156	50.912803649902344	48.185340881347656
276.51470947265625	161.74221801757812	50.61335754394531	47.90193557739258
279.2861633300781	162.7450408935547	49.39025115966797	46.74435043334961
283.9595642089844	162.77932739257812	48.731407165527344	46.12080764770508
285.7474060058594	163.94973754882812	48.68914031982422	46.080806732177734
289.037841796875	162.79525756835938	48.28667068481445	45.69989776611328
289.32666015625	162.52931213378906	48.01261520385742	45.44052505493164
291.45184326171875	164.37054443359375	48.30744552612305	45.719566345214844
295.54443359375	164.05758666992188	47.48851776123047	44.944515228271484
293.88458251953125	161.99371337890625	47.57368850708008	45.025123596191406
297.5108947753906	164.99862670898438	47.60625076293945	45.05594253540039
299.879150390625	163.02716064453125	47.459468841552734	44.91702651977539
300.0289306640625	162.22174072265625	47.25525665283203	44.7237548828125
304.2665710449219	163.78073120117188	46.696998596191406	44.19540023803711
305.21856689453125	164.53488159179688	46.1531867980957	43.68071746826172
307.20611572265625	164.3347930908203	45.6882209777832	43.24066162109375
307.53399658203125	165.00723266601562	45.42131042480469	42.9880485534668
308.9132995605469	165.13314819335938	44.61408233642578	42.22406768798828
312.395263671875	165.48648071289062	44.18054962158203	41.81376266479492
314.48895263671875	163.5113525390625	45.094871520996094	42.679100036621094
312.94134521484375	165.2257537841797	45.45484161376953	43.0197868347168
314.25799560546875	164.623779296875	46.11238098144531	43.6421012878418
315.6926574707031	164.37869262695312	45.70256805419922	43.25424575805664
317.14263916015625	163.41432189941406	45.16257858276367	42.74318313598633
319.7381286621094	165.73060607910156	44.53832244873047	42.15237045288086
320.0020751953125	164.1408233642578	44.27492141723633	41.903079986572266
320.7569885253906	164.21644592285156	43.93830490112305	41.584495544433594
321.5030822753906	164.87794494628906	43.848968505859375	41.49994659423828
324.64178466796875	164.177490234375	42.82966613769531	40.535247802734375
327.15069580078125	165.58865356445312	42.18737030029297	39.927364349365234
325.72467041015625	165.19325256347656	42.21271514892578	39.95134735107422
327.8028259277344	164.91500854492188	41.83844757080078	39.597129821777344
328.5133972167969	165.19708251953125	40.92238998413086	38.73014831542969
327.98016357421875	165.4530487060547	41.09121322631836	38.889930725097656
329.4224548339844	165.8170928955078	40.39854049682617	38.23436737060547
330.49542236328125	166.37210083007812	40.34340286254883	38.182186126708984
332.02752685546875	165.1426239013672	39.8387336730957	37.704551696777344
331.2427673339844	165.7315216064453	39.92554473876953	37.78671646118164
332.4969482421875	165.36334228515625	40.02454376220703	37.880409240722656
332.89349365234375	165.31228637695312	39.37529754638672	37.26594543457031
334.11151123046875	167.11538696289062	39.46019744873047	37.34629440307617
334.5068054199219	165.93911743164062	39.43240737915039	37.31999206542969
336.1355895996094	166.01113891601562	40.08403778076172	37.936710357666016
337.1106872558594	165.25807189941406	40.269657135009766	38.112388610839844
336.9640197753906	164.77523803710938	40.3558464050293	38.19396209716797
347.0	169.0	18.0	32.0
347.13226318359375	167.25070190429688	17.951135635375977	31.913131713867188
347.5162048339844	167.6024627685547	18.111034393310547	32.19739532470703
348.33062744140625	168.23155212402344	18.306354522705078	32.54463577270508
347.8258972167969	167.83924865722656	18.377851486206055	32.67174530029297
348.23052978515625	166.8987579345703	18.419540405273438	32.74585723876953
349.35089111328125	167.6575469970703	18.156457901000977	32.27815628051758
350.38067626953125	167.36178588867188	18.23219108581543	32.41279220581055
350.07708740234375	167.27780151367188	18.341266632080078	32.6067008972168
350.5044250488281	167.47653198242188	18.35787010192871	32.63622283935547
351.3647766113281	166.38555908203125	18.284286499023438	32.505409240722656
350.6128234863281	166.99618530273438	18.309673309326172	32.550540924072266
350.936279296875	166.9053497314453	18.04973793029785	32.08843231201172
351.94781494140625	166.44613647460938	18.1500244140625	32.266719818115234
351.8805847167969	166.67221069335938	18.214279174804688	32.38094711303711
352.0641174316406	167.1966552734375	18.20250701904297	32.36001968383789
351.74951171875	167.7393035888672	18.17072868347168	32.303524017333984
352.33544921875	166.81309509277344	18.141765594482422	32.252037048339844
353.08880615234375	167.3148651123047	18.179597854614258	32.31929397583008
352.91595458984375	166.0479736328125	18.436019897460938	32.77515411376953
353.3047180175781	168.337646484375	18.044933319091797	32.07988739013672
353.32794189453125	167.0043487548828	17.944734573364258	31.901758193969727
353.276123046875	167.07012939453125	18.105594635009766	32.18772888183594
353.71942138671875	166.6198272705078	17.988994598388672	31.98044204711914
354.13751220703125	166.7608642578125	18.110292434692383	32.196083068847656
354.79132080078125	166.17263793945312	18.009620666503906	32.017112731933594
354.2489318847656	166.3995819091797	17.85179328918457	31.736530303955078
355.0476379394531	166.996337890625	17.622177124023438	31.328319549560547
355.26080322265625	167.0677947998047	17.57890510559082	31.251388549804688
355.2794189453125	167.43751525878906	17.39790153503418	30.929607391357422
356.0821228027344	167.10763549804688	17.129636764526367	30.45269203186035
356.2193603515625	167.04580688476562	17.21346092224121	30.601715087890625
356.14886474609375	168.70785522460938	16.949060440063477	30.131671905517578
356.445068359375	168.60337829589844	16.764404296875	29.803394317626953
356.3226623535156	168.54208374023438	16.725818634033203	29.73480224609375
357.1085510253906	168.03909301757812	16.80527114868164	29.876049041748047
356.574951171875	167.7513427734375	16.832311630249023	29.924123764038086
356.98638916015625	168.27687072753906	17.057132720947266	30.323806762695312
357.5448303222656	167.845703125	17.300395965576172	30.756275177001953
357.09912109375	168.33416748046875	17.181726455688477	30.545299530029297
360.0	174.0	15.0	17.0
359.2203674316406	173.8408203125	14.786636352539062	16.758188247680664
359.2102355957031	173.9072265625	14.868913650512695	16.851436614990234
360.27813720703125	173.86651611328125	14.63196849822998	16.582897186279297
359.91387939453125	173.76620483398438	14.635627746582031	16.58704376220703
360.3619079589844	174.54905700683594	14.71619701385498	16.678356170654297
360.1676330566406	173.9722442626953	14.700872421264648	16.660985946655273
360.5330810546875	174.07308959960938	14.460284233093262	16.38831901550293
361.0985107421875	173.81227111816406	14.496025085449219	16.4288272857666
360.72491455078125	173.6146697998047	14.734773635864258	16.69940757751465
360.4713439941406	174.14498901367188	14.899116516113281	16.885662078857422
361.1380615234375	173.7693634033203	14.863092422485352	16.84483528137207
361.5645446777344	174.44525146484375	14.660005569458008	16.61467170715332
362.0399475097656	174.01657104492188	14.36516284942627	16.280517578125
361.87518310546875	174.37545776367188	14.546043395996094	16.485515594482422
362.1923828125	174.25820922851562	14.684640884399414	16.64259147644043
362.3460388183594	174.08900451660156	14.556358337402344	16.497203826904297
362.68280029296875	174.55545043945312	14.58178424835205	16.526020050048828
363.2686767578125	174.6171112060547	14.425216674804688	16.34857749938965
362.8684997558594	174.43016052246094	14.156954765319824	16.044546127319336
367.15167236328125	173.88436889648438	14.195816040039062	16.08858871459961
