289.0	129.0	18.0	18.0
289.0	129.0	18.0	19.0
288.0	129.0	19.0	19.0
289.0	129.0	18.0	19.0
289.0	129.0	18.0	18.0
289.0	129.0	18.0	18.0
289.0	129.0	18.0	18.0
289.0	129.0	18.0	18.0
288.0	129.0	19.0	18.0
288.0	129.0	19.0	19.0
289.0	129.0	18.0	18.0
288.0	129.0	19.0	19.0
289.0	129.0	18.0	18.0
289.0	129.0	18.0	18.0
289.0	129.0	18.0	18.0
289.0	129.0	18.0	18.0
288.0	129.0	19.0	19.0
289.0	129.0	18.0	18.0
289.0	129.0	18.0	18.0
289.0	129.0	18.0	18.0
289.0	129.0	18.0	18.0
289.0	129.0	18.0	18.0
289.0	129.0	18.0	18.0
289.0	129.0	18.0	18.0
289.0	129.0	18.0	18.0
289.0	129.0	18.0	18.0
289.0	129.0	18.0	18.0
290.0	129.0	17.0	18.0
289.0	129.0	18.0	18.0
289.0	128.0	18.0	19.0
289.0	129.0	18.0	19.0
289.0	129.0	18.0	19.0
289.0	129.0	18.0	18.0
288.0	129.0	19.0	19.0
288.0	129.0	19.0	19.0
289.0	129.0	18.0	19.0
289.0	129.0	18.0	19.0
289.0	129.0	18.0	19.0
289.0	129.0	18.0	19.0
289.0	129.0	18.0	19.0
289.0	129.0	18.0	19.0
289.0	129.0	18.0	19.0
289.0	129.0	18.0	19.0
289.0	129.0	18.0	19.0
289.0	129.0	18.0	19.0
289.0	129.0	18.0	18.0
289.0	129.0	18.0	18.0
289.0	129.0	18.0	19.0
289.0	130.0	18.0	18.0
289.0	129.0	18.0	18.0
290.0	129.0	18.0	19.0
289.0	129.0	18.0	19.0
290.0	129.0	17.0	18.0
290.0	128.0	17.0	18.0
289.0	128.0	19.0	18.0
289.0	128.0	18.0	19.0
288.0	128.0	18.0	19.0
287.0	129.0	18.0	18.0
288.0	129.0	17.0	19.0
287.0	130.0	17.0	18.0
285.0	132.0	17.0	18.0
284.0	134.0	17.0	17.0
284.0	134.0	16.0	17.0
283.0	135.0	16.0	16.0
280.72589111328125	136.56707763671875	16.082355499267578	16.082355499267578
280.0	134.0	17.0	17.0
279.34185791015625	135.1856689453125	17.3643856048584	17.3643856048584
279.0	135.0	17.0	16.0
279.0	135.0	16.0	16.0
278.0	132.0	18.0	19.0
277.0	130.0	20.0	20.0
276.3655700683594	131.74642944335938	19.778417587280273	19.778417587280273
275.7396545410156	132.96627807617188	19.3129825592041	19.3129825592041
276.56951904296875	132.84976196289062	19.304821014404297	19.304821014404297
276.65313720703125	132.55230712890625	19.215900421142578	19.215900421142578
276.8860778808594	128.37930297851562	19.32893943786621	19.32893943786621
277.741455078125	126.5252456665039	19.361730575561523	19.361730575561523
278.7074890136719	123.43690490722656	19.349411010742188	19.349411010742188
281.32586669921875	119.87239074707031	18.906265258789062	18.906265258789062
281.9484558105469	117.16499328613281	18.69143295288086	18.69143295288086
284.3033142089844	114.08744812011719	18.81008529663086	18.81008529663086
285.30084228515625	110.39078521728516	18.61709976196289	18.61709976196289
285.26373291015625	107.974365234375	18.632221221923828	18.632221221923828
285.6612854003906	105.45211029052734	18.859249114990234	18.859249114990234
284.90057373046875	101.21437072753906	19.301883697509766	19.301883697509766
285.4395446777344	98.33650207519531	19.132192611694336	19.132192611694336
285.47735595703125	96.42826080322266	19.134052276611328	19.134052276611328
285.8554382324219	95.69974517822266	19.483715057373047	19.483715057373047
287.8665771484375	92.8016586303711	19.476970672607422	19.476970672607422
282.3464050292969	91.73792266845703	21.472440719604492	20.901920318603516
283.2307434082031	86.04371643066406	21.030736923217773	20.471954345703125
282.0	59.0	18.0	19.0
280.31793212890625	61.1808967590332	17.849964141845703	18.84162712097168
268.92462158203125	62.7210693359375	17.6331787109375	18.612796783447266
274.6224670410156	56.70288848876953	17.610239028930664	18.588581085205078
287.0	125.0	19.0	21.0
288.0	118.0	18.0	18.0
286.0	112.0	19.0	18.0
287.0	108.0	19.0	19.0
287.0	110.0	19.0	19.0
288.0	115.0	18.0	18.0
288.0	123.0	19.0	24.0
290.0	123.0	17.0	19.0
290.0	119.0	18.0	18.0
291.0	118.0	17.0	18.0
292.0	121.0	17.0	19.0
294.0	127.0	18.0	20.0
294.0	125.0	18.0	18.0
295.0	124.0	18.0	17.0
296.0	125.0	18.0	19.0
298.0	129.0	18.0	19.0
298.7313537597656	125.5768051147461	18.185762405395508	19.196083068847656
301.0	128.0	19.0	19.0
302.0	129.0	18.0	19.0
303.0	129.0	18.0	19.0
304.0	130.0	18.0	19.0
305.0	130.0	18.0	18.0
307.0	130.0	17.0	19.0
308.0	131.0	18.0	18.0
309.0	131.0	18.0	18.0
310.0	131.0	19.0	19.0
311.0	131.0	19.0	19.0
313.0	131.0	19.0	19.0
314.0	131.0	19.0	18.0
315.0	131.0	19.0	19.0
316.0	131.0	19.0	19.0
317.0	131.0	18.0	19.0
317.0	131.0	19.0	19.0
318.0	131.0	19.0	20.0
319.0	131.0	18.0	20.0
319.0	131.0	19.0	20.0
319.0	131.0	19.0	20.0
319.0	131.0	19.0	20.0
319.0	131.0	19.0	19.0
319.0	131.0	19.0	20.0
319.0	131.0	19.0	20.0
319.0	131.0	19.0	20.0
317.65789794921875	131.27700805664062	19.11676597595215	20.122913360595703
317.0	131.0	19.0	19.0
317.0	131.0	19.0	19.0
317.0	131.0	18.0	19.0
316.0	131.0	19.0	19.0
316.0	131.0	19.0	19.0
315.0	132.0	19.0	18.0
315.0	132.0	18.0	18.0
314.0	131.0	19.0	19.0
314.0	134.0	18.0	16.0
313.0	134.0	18.0	17.0
312.20648193359375	133.2794952392578	17.96737289428711	16.96918487548828
311.0	134.0	18.0	16.0
309.0	133.0	18.0	17.0
306.0	132.0	19.0	19.0
304.0	131.0	18.0	18.0
300.0	131.0	18.0	18.0
297.0	131.0	18.0	19.0
294.0	131.0	18.0	18.0
291.0	131.0	18.0	18.0
289.0	131.0	18.0	18.0
286.0	130.0	18.0	18.0
284.0	130.0	17.0	18.0
281.0	130.0	18.0	19.0
279.0	131.0	17.0	17.0
277.0	131.0	17.0	17.0
275.0	131.0	17.0	17.0
273.0	131.0	18.0	18.0
271.0	131.0	17.0	17.0
269.0	130.0	17.0	19.0
266.0	131.0	18.0	18.0
264.0	131.0	18.0	18.0
262.0	131.0	17.0	18.0
259.0	131.0	19.0	19.0
256.0	132.0	19.0	18.0
254.0	131.0	18.0	19.0
252.0	132.0	18.0	18.0
249.0	132.0	19.0	19.0
246.0	132.0	19.0	19.0
243.0	132.0	20.0	20.0
241.0	132.0	20.0	20.0
239.0	132.0	20.0	20.0
236.0	133.0	20.0	19.0
237.0	133.0	19.0	19.0
238.0	134.0	20.0	19.0
240.0	135.0	18.0	19.0
241.0	136.0	19.0	19.0
242.0	137.0	19.0	19.0
243.0	138.0	19.0	20.0
244.0	139.0	19.0	20.0
245.0	141.0	19.0	19.0
246.0	142.0	19.0	19.0
246.0	143.0	19.0	19.0
246.0	144.0	20.0	19.0
247.0	145.0	20.0	19.0
248.0	145.0	20.0	20.0
249.0	146.0	19.0	20.0
250.0	147.0	19.0	19.0
250.0	148.0	19.0	19.0
251.0	149.0	19.0	20.0
251.0753173828125	150.07078552246094	19.022871017456055	20.02407455444336
253.0	151.0	18.0	20.0
253.0	152.0	19.0	20.0
254.0	153.0	19.0	20.0
255.0	154.0	19.0	20.0
255.10317993164062	154.72024536132812	18.87337875366211	19.866716384887695
256.19659423828125	155.4010009765625	19.140613555908203	20.14801597595215
256.0	158.0	20.0	20.0
257.0	158.0	19.0	21.0
257.0	159.0	20.0	21.0
257.0619201660156	160.45472717285156	20.04850196838379	21.050926208496094
257.3887023925781	160.81382751464844	20.119232177734375	21.125194549560547
257.41339111328125	161.96034240722656	19.81441879272461	20.80514144897461
258.0	163.0	20.0	20.0
258.0	164.0	19.0	20.0
257.0	165.0	20.0	20.0
258.0	166.0	20.0	20.0
258.0	166.0	20.0	21.0
256.0	166.0	21.0	21.0
257.0	168.0	20.0	20.0
256.0	168.0	22.0	21.0
257.0	168.0	20.0	21.0
257.0	169.0	21.0	21.0
258.0	170.0	20.0	20.0
259.0	171.0	20.0	21.0
260.0	171.0	19.0	21.0
260.0	172.0	20.0	21.0
260.0	172.0	20.0	21.0
260.24688720703125	172.41665649414062	20.2379150390625	21.24981117248535
262.0	173.0	20.0	21.0
263.0	174.0	20.0	21.0
264.0	175.0	20.0	20.0
265.0	175.0	20.0	21.0
266.0	177.0	20.0	20.0
263.8249206542969	177.88479614257812	19.690210342407227	19.690210342407227
264.66851806640625	178.95187377929688	19.569820404052734	19.569820404052734
264.3228454589844	179.12661743164062	19.10031509399414	19.10031509399414
266.01580810546875	178.6927490234375	18.987586975097656	18.987586975097656
266.5741882324219	177.3277130126953	19.037431716918945	19.037431716918945
266.4702453613281	175.62432861328125	19.169109344482422	19.169109344482422
269.0	173.0	20.0	19.0
271.0	168.0	22.0	21.0
274.0	164.0	20.0	22.0
275.0	161.0	20.0	20.0
278.0	158.0	20.0	20.0
280.0	154.0	20.0	21.0
282.2854919433594	150.62982177734375	20.285295486450195	21.299560546875
284.21307373046875	147.50689697265625	20.38235092163086	21.401470184326172
286.74188232421875	143.61636352539062	20.603069305419922	21.633224487304688
288.7916564941406	141.05889892578125	20.441722869873047	21.463809967041016
291.41595458984375	138.07594299316406	20.707256317138672	21.74262046813965
295.0	135.0	20.0	21.0
298.0	133.0	19.0	19.0
