28.0	32.0	15.0	14.0
29.0	32.0	14.0	14.0
27.0	33.0	15.0	13.0
29.0	34.0	14.0	12.0
29.0	33.0	14.0	13.0
28.0	33.0	15.0	13.0
26.0	33.0	16.0	14.0
29.0	34.0	15.0	12.0
28.0	33.0	15.0	13.0
28.0	33.0	15.0	13.0
28.0	33.0	16.0	14.0
28.0	33.0	15.0	13.0
30.0	34.0	13.0	11.0
28.0	33.0	15.0	14.0
28.0	33.0	14.0	13.0
27.0	33.0	16.0	14.0
28.0	33.0	15.0	13.0
27.0	32.0	16.0	14.0
29.0	33.0	15.0	13.0
28.06844139099121	32.19990921020508	15.313545227050781	13.27173900604248
30.0	34.0	13.0	12.0
29.0	32.0	16.0	14.0
28.0	33.0	15.0	13.0
28.0	33.0	15.0	13.0
29.0	33.0	14.0	13.0
27.0	33.0	15.0	13.0
30.0	34.0	14.0	12.0
28.0	33.0	16.0	14.0
28.0	33.0	16.0	14.0
28.0	34.0	15.0	12.0
29.0	33.0	14.0	13.0
28.0	33.0	15.0	14.0
28.0	33.0	15.0	13.0
28.0	33.0	15.0	13.0
29.0	32.0	14.0	13.0
28.0	33.0	15.0	13.0
28.0	31.0	16.0	15.0
29.0	32.0	14.0	14.0
28.0	34.0	15.0	13.0
27.0	32.0	16.0	14.0
29.0	34.0	14.0	12.0
29.0	33.0	15.0	13.0
27.0	33.0	16.0	14.0
29.0	31.0	14.0	15.0
28.0	33.0	15.0	13.0
28.0	33.0	15.0	13.0
28.0	31.0	16.0	15.0
26.0	33.0	15.0	13.0
27.0	33.0	16.0	13.0
26.0	47.0	15.0	17.0
27.0	45.0	15.0	15.0
28.0	41.0	17.0	16.0
29.0	39.0	18.0	15.0
30.0	35.0	18.0	16.0
32.0	33.0	17.0	16.0
37.0	31.0	17.0	16.0
41.0	31.0	18.0	16.0
48.0	30.0	17.0	15.0
51.0	30.0	18.0	16.0
58.0	30.0	16.0	14.0
63.0	29.0	16.0	14.0
67.0	28.0	15.0	14.0
72.0	26.0	15.0	14.0
76.0	25.0	15.0	14.0
80.0	25.0	15.0	14.0
86.0	26.0	15.0	13.0
92.0	25.0	14.0	13.0
96.0	25.0	14.0	13.0
99.5118179321289	25.252338409423828	14.151034355163574	13.140246391296387
97.6916732788086	23.322216033935547	13.886970520019531	12.895044326782227
95.77359008789062	24.088802337646484	13.833044052124023	12.844968795776367
93.44979095458984	24.855087280273438	13.674650192260742	12.697888374328613
71.0	46.0	14.0	16.0
73.0	48.0	16.0	15.0
76.0	48.0	15.0	16.0
76.93800354003906	44.36985778808594	15.142436027526855	16.151931762695312
82.92103576660156	47.133872985839844	15.372149467468262	16.396961212158203
83.96239471435547	51.86479568481445	14.895825386047363	15.888882637023926
91.99439239501953	50.713905334472656	14.841690063476562	15.831136703491211
94.7013168334961	42.10326385498047	14.886571884155273	15.879011154174805
97.25330352783203	40.797882080078125	14.876622200012207	15.868395805358887
96.0272216796875	42.54429244995117	14.889752388000488	15.882400512695312
89.03086853027344	52.60820770263672	14.890154838562012	15.882827758789062
97.37367248535156	41.83701705932617	14.961950302124023	15.9594087600708
91.50129699707031	27.18916893005371	15.298406600952148	16.318296432495117
93.03910064697266	22.74088478088379	15.38844108581543	16.41433334350586
96.19529724121094	16.749975204467773	15.617887496948242	16.659076690673828
104.97892761230469	0.849146842956543	15.740697860717773	16.79007339477539
100.06045532226562	0.5643974542617798	15.931198120117188	16.993274688720703
97.77083587646484	1.0595452785491943	15.8515625	16.908329010009766
101.19209289550781	0.5710464715957642	16.0775089263916	17.14933967590332
98.56510925292969	0.817418098449707	16.306175231933594	17.393247604370117
97.48639678955078	0.25876444578170776	16.229230880737305	17.311172485351562
99.23544311523438	0.09111861884593964	16.291366577148438	17.377450942993164
95.75721740722656	1.3389701843261719	16.43454360961914	17.53017234802246
100.96674346923828	1.1474822759628296	16.540544509887695	17.643238067626953
94.54890441894531	1.146793007850647	16.826635360717773	17.948400497436523
142.0	72.0	16.0	18.0
144.0	73.0	17.0	18.0
147.0	74.0	17.0	18.0
150.0	76.0	17.0	17.0
153.0	76.0	17.0	18.0
156.0	77.0	17.0	19.0
159.0	78.0	17.0	18.0
162.50160217285156	79.13053131103516	17.400476455688477	18.424034118652344
165.0	80.0	17.0	19.0
168.56491088867188	81.26499938964844	16.995147705078125	18.994579315185547
171.0	83.0	18.0	19.0
174.0	84.0	18.0	18.0
366.0	81.0	17.0	18.0
365.0	81.0	18.0	19.0
365.4476623535156	81.83746337890625	18.08987045288086	19.094863891601562
364.5220642089844	81.38627624511719	18.455875396728516	19.481204986572266
364.0	83.0	18.0	19.0
193.0	90.0	18.0	20.0
364.0	84.0	17.0	18.0
363.0	85.0	18.0	18.0
362.73175048828125	85.16114807128906	18.042919158935547	18.042919158935547
362.0107727050781	85.166748046875	18.52448272705078	18.52448272705078
362.0	86.0	18.0	18.0
361.72235107421875	86.19556427001953	18.094539642333984	18.094539642333984
360.78045654296875	87.20835876464844	18.49428367614746	18.49428367614746
360.892333984375	86.8906478881836	18.532047271728516	18.532047271728516
359.7804260253906	87.45266723632812	19.058208465576172	19.058208465576172
359.6585388183594	87.66950988769531	19.55315399169922	19.55315399169922
358.5212707519531	87.68036651611328	19.8835506439209	19.8835506439209
357.8885803222656	88.21780395507812	20.078800201416016	20.078800201416016
357.72930908203125	88.951904296875	20.4063663482666	20.4063663482666
357.0140075683594	88.1664810180664	20.446308135986328	20.446308135986328
357.2275390625	89.49638366699219	19.866504669189453	19.866504669189453
356.9519348144531	89.73207092285156	19.363910675048828	19.363910675048828
356.71466064453125	90.84843444824219	19.358287811279297	19.358287811279297
355.66162109375	90.94879913330078	19.595199584960938	19.595199584960938
355.17669677734375	90.86553955078125	19.555843353271484	19.555843353271484
354.83233642578125	91.80068969726562	19.670196533203125	19.670196533203125
354.4325256347656	91.95137786865234	19.956422805786133	19.956422805786133
354.214111328125	91.78092956542969	20.082998275756836	20.082998275756836
353.5397033691406	92.22270202636719	20.220943450927734	20.220943450927734
352.8869323730469	92.50943756103516	20.427968978881836	20.427968978881836
351.9687194824219	92.28583526611328	20.658605575561523	20.658605575561523
352.66949462890625	92.93397521972656	20.89113998413086	20.89113998413086
351.5090637207031	93.50616455078125	20.80312728881836	20.80312728881836
350.958251953125	93.01429748535156	21.24239158630371	21.24239158630371
350.8658142089844	93.5264892578125	20.938425064086914	20.938425064086914
350.6015930175781	94.12141418457031	20.85269546508789	20.85269546508789
349.8287353515625	94.8280258178711	20.696409225463867	20.696409225463867
349.83563232421875	94.70260620117188	20.787656784057617	20.787656784057617
349.5096130371094	94.57823181152344	21.022348403930664	21.022348403930664
347.08197021484375	93.54124450683594	21.23508071899414	21.23508071899414
349.2237243652344	94.11011505126953	21.341833114624023	21.341833114624023
348.62139892578125	95.65641784667969	20.91390609741211	20.91390609741211
349.0	98.0	20.0	21.0
345.68865966796875	94.48834228515625	19.76702880859375	20.755380630493164
349.0	100.0	18.0	18.0
347.99615478515625	97.84133911132812	18.273529052734375	18.273529052734375
352.1189270019531	96.81807708740234	17.983034133911133	17.983034133911133
344.6695556640625	100.26110076904297	17.973026275634766	17.973026275634766
345.673828125	103.0174789428711	17.943347930908203	17.943347930908203
345.6399230957031	101.0201187133789	17.87265968322754	17.87265968322754
356.7156066894531	102.94062805175781	17.56045913696289	17.56045913696289
343.64495849609375	98.15516662597656	17.84608268737793	17.84608268737793
346.0	101.0	18.0	19.0
345.0	100.0	18.0	20.0
352.64251708984375	110.8302230834961	18.046350479125977	20.05150032043457
351.0125427246094	103.18180847167969	18.070987701416016	20.078876495361328
344.0	101.0	19.0	19.0
345.0	100.0	18.0	20.0
353.338623046875	84.70381164550781	17.86185073852539	19.846500396728516
358.0426025390625	85.95680236816406	18.005306243896484	20.00589370727539
363.4724426269531	78.68440246582031	18.294919967651367	20.327688217163086
343.0	100.0	18.0	21.0
342.0	103.0	18.0	18.0
340.6280212402344	92.00579071044922	17.995588302612305	17.995588302612305
342.3311462402344	98.2728042602539	17.619510650634766	17.619510650634766
342.4767150878906	96.06866455078125	17.624296188354492	17.624296188354492
343.2745361328125	101.6885986328125	17.45884132385254	17.45884132385254
367.0	159.0	23.0	24.0
340.0	102.0	19.0	20.0
339.9697265625	101.78466033935547	19.536048889160156	20.56426239013672
339.475341796875	101.6828384399414	19.478374481201172	20.503555297851562
338.99212646484375	101.60911560058594	19.827539443969727	20.87109375
338.7587585449219	101.06441497802734	20.082597732543945	21.139575958251953
338.09393310546875	101.06568908691406	20.343469619750977	21.4141788482666
338.0616149902344	101.9931640625	20.572612762451172	21.655380249023438
337.74249267578125	101.83091735839844	20.7104434967041	21.800464630126953
337.5845947265625	101.79877471923828	20.486398696899414	21.564626693725586
337.61053466796875	101.45460510253906	20.84650993347168	21.94369125366211
336.8968200683594	100.61692810058594	21.116268157958984	22.227645874023438
336.4361877441406	101.15218353271484	21.313249588012695	22.434993743896484
336.3578796386719	101.3248291015625	21.63970947265625	22.778636932373047
336.16064453125	100.16993713378906	21.885278701782227	23.03713035583496
335.7685852050781	100.87385559082031	22.016881942749023	23.175661087036133
336.52569580078125	100.49531555175781	21.692800521850586	22.834524154663086
336.75103759765625	100.86931610107422	21.49800682067871	22.62947654724121
336.44195556640625	101.79068756103516	21.610204696655273	22.74757957458496
336.57305908203125	100.29508972167969	21.816471099853516	22.964698791503906
336.6036376953125	100.72201538085938	22.132183074951172	23.297025680541992
335.7491455078125	100.49201965332031	22.3172607421875	23.491844177246094
336.1297302246094	100.41334533691406	22.0589656829834	23.219955444335938
336.0536804199219	101.19450378417969	22.32895851135254	23.5041561126709
336.1968078613281	100.65193176269531	22.175804138183594	23.342941284179688
336.63043212890625	100.38809967041016	22.49847412109375	23.682592391967773
336.2384033203125	100.74990844726562	22.401660919189453	23.5806827545166
335.90191650390625	99.98820495605469	22.79366683959961	23.99332046508789
336.0109558105469	100.06950378417969	22.4395694732666	23.620586395263672
336.4433288574219	100.98297882080078	22.221271514892578	23.390798568725586
336.21795654296875	100.44151306152344	22.0225830078125	23.181655883789062
336.72869873046875	101.07965850830078	22.41623306274414	23.596023559570312
336.24798583984375	100.59661865234375	22.496807098388672	23.680837631225586
336.15460205078125	100.0087661743164	22.721649169921875	23.91751480102539
335.90289306640625	99.74592590332031	22.673276901245117	23.866596221923828
335.78729248046875	100.24018859863281	22.512344360351562	23.697193145751953
335.78228759765625	100.59172058105469	22.61343765258789	23.803607940673828
335.9335632324219	100.15821838378906	22.721574783325195	23.917434692382812
336.0693359375	100.3465576171875	22.597942352294922	23.787294387817383
336.44915771484375	100.3154296875	22.480268478393555	23.663429260253906
336.3245544433594	101.11698913574219	22.342098236083984	23.517986297607422
336.7178955078125	100.801025390625	22.38702964782715	23.565282821655273
336.11083984375	100.12840270996094	22.240985870361328	23.41155433654785
335.69549560546875	100.1881103515625	22.31102180480957	23.485275268554688
336.59808349609375	100.7999038696289	22.036712646484375	23.1965274810791
336.5330810546875	101.05853271484375	21.888378143310547	23.040386199951172
336.7945861816406	100.47004699707031	21.66440200805664	22.804622650146484
335.92608642578125	100.23748016357422	21.864147186279297	23.014881134033203
336.1922607421875	100.32966613769531	21.93684959411621	23.091411590576172
336.49810791015625	101.31787109375	22.06835174560547	23.229833602905273
336.7406311035156	100.46775817871094	22.22268295288086	23.392288208007812
336.36981201171875	101.43733978271484	22.331226348876953	23.506542205810547
336.006591796875	101.01353454589844	22.63161277770996	23.82274055480957
335.5535583496094	100.30442810058594	22.661006927490234	23.853679656982422
335.8319396972656	100.5837173461914	22.933834075927734	24.140865325927734
335.9525451660156	100.22341918945312	22.98264503479004	24.192243576049805
335.9458923339844	101.0489501953125	23.080415725708008	24.295156478881836
336.0583190917969	99.8717269897461	22.787107467651367	23.986413955688477
335.7482604980469	100.34625244140625	22.551319122314453	23.738216400146484
336.5555114746094	100.6139907836914	22.261417388916016	23.433055877685547
336.4322509765625	101.26940155029297	22.40532684326172	23.58453941345215
335.78387451171875	100.60521697998047	22.511709213256836	23.696521759033203
336.0040588378906	100.30088806152344	22.536848068237305	23.722986221313477
336.1425476074219	99.6503677368164	23.079517364501953	24.29421615600586
335.71771240234375	100.24363708496094	23.16934585571289	24.388769149780273
335.8824157714844	99.60516357421875	23.552745819091797	24.792346954345703
334.8611755371094	99.31639099121094	24.071666717529297	25.338581085205078
335.2064514160156	99.36553955078125	24.102672576904297	25.371219635009766
335.0859680175781	99.9042739868164	23.923320770263672	25.182430267333984
335.166259765625	100.11976623535156	24.08304214477539	25.350557327270508
335.376220703125	100.17403411865234	23.960329055786133	25.221385955810547
335.62139892578125	99.49028778076172	24.28540802001953	25.563575744628906
335.34503173828125	99.4462890625	24.32437515258789	25.60459327697754
335.7351379394531	99.51611328125	24.422006607055664	25.70736312866211
