16.0	146.0	21.0	48.0
18.0	147.0	21.0	46.0
19.0	146.0	19.0	47.0
20.0	146.0	18.0	46.0
20.0	145.0	18.0	47.0
22.0	145.0	19.0	48.0
23.0	146.0	20.0	46.0
25.0	146.0	20.0	46.0
26.0	146.0	20.0	46.0
27.0	145.0	21.0	47.0
28.0	146.0	21.0	46.0
29.0	145.0	21.0	48.0
29.0	147.0	21.0	45.0
33.0	147.0	22.0	46.0
34.0	146.0	22.0	46.0
38.0	144.0	20.0	48.0
39.0	147.0	18.0	45.0
40.0	145.0	18.0	47.0
40.0	146.0	19.0	44.0
42.0	145.0	20.0	47.0
45.0	145.0	20.0	49.0
47.0	145.0	20.0	48.0
48.0	145.0	21.0	47.0
50.0	145.0	22.0	51.0
51.0	146.0	21.0	47.0
52.0	145.0	22.0	50.0
53.0	145.0	24.0	50.0
55.0	145.0	23.0	50.0
58.0	147.0	21.0	48.0
59.0	148.0	21.0	46.0
59.0	144.0	19.0	49.0
59.0	145.0	23.0	49.0
62.0	144.0	19.0	48.0
65.0	145.0	18.0	48.0
67.0	144.0	17.0	48.0
68.0	145.0	17.0	48.0
68.0	145.0	16.0	48.0
69.0	145.0	16.0	47.0
70.0	147.0	16.0	45.0
70.0	151.0	15.0	42.0
70.0	153.0	18.0	40.0
71.76179504394531	154.59194946289062	17.88283348083496	39.73963165283203
72.44822692871094	155.66366577148438	17.61214828491211	39.13810729980469
72.47775268554688	156.950927734375	17.570383071899414	39.04529571533203
71.5162124633789	149.7744140625	17.491641998291016	38.87031555175781
70.85701751708984	147.0238800048828	17.663299560546875	39.25177764892578
71.96448516845703	148.26992797851562	17.909992218017578	39.79998016357422
71.65129089355469	150.4612579345703	18.05621910095215	40.12493133544922
85.46497344970703	151.11572265625	18.187908172607422	40.41757583618164
70.9679183959961	145.3743896484375	18.44921112060547	40.998252868652344
72.69476318359375	146.77853393554688	18.85153579711914	41.892303466796875
76.46443176269531	144.2266845703125	18.949806213378906	42.110679626464844
101.35130310058594	149.68646240234375	18.705352783203125	41.56745147705078
112.16767883300781	149.5757293701172	18.71219253540039	41.5826530456543
111.10443115234375	147.14480590820312	18.648645401000977	41.441436767578125
112.13249206542969	153.444580078125	18.87435531616211	41.94301223754883
102.79219818115234	143.0668182373047	18.83230209350586	41.84956359863281
101.74169921875	131.8156280517578	18.987796783447266	42.195106506347656
102.56388092041016	134.7737274169922	18.73764419555664	41.63920593261719
103.97359466552734	138.3837890625	18.59060287475586	41.31244659423828
105.76806640625	141.27098083496094	18.597267150878906	41.3272590637207
107.0	143.0	23.0	49.0
106.0	143.0	26.0	49.0
112.0	143.0	19.0	47.0
113.0	144.0	18.0	45.0
113.0	143.0	19.0	46.0
116.0	142.0	18.0	45.0
116.0	143.0	18.0	44.0
116.0	142.0	20.0	48.0
117.0	142.0	21.0	48.0
117.0	141.0	20.0	48.0
122.0	138.0	20.0	51.0
124.0	140.0	21.0	49.0
125.0	141.0	20.0	48.0
127.0	141.0	21.0	50.0
128.0	141.0	22.0	50.0
128.0	142.0	22.0	48.0
129.0	141.0	23.0	49.0
130.0	141.0	22.0	48.0
132.0	142.0	21.0	47.0
133.0	140.0	24.0	50.0
136.0	141.0	22.0	46.0
137.0	141.0	21.0	48.0
138.0	141.0	20.0	49.0
138.0	140.0	19.0	43.0
139.0	141.0	19.0	45.0
140.0	140.0	20.0	47.0
141.0	141.0	20.0	47.0
142.0	141.0	21.0	47.0
145.0	141.0	22.0	46.0
146.0	142.0	22.0	48.0
149.0	141.0	19.0	41.0
149.0	141.0	22.0	49.0
153.0	141.0	17.0	38.0
156.0	141.0	14.0	31.0
156.0	141.0	17.0	38.0
158.0	141.0	21.0	45.0
159.0	141.0	18.0	41.0
162.0	140.0	17.0	40.0
161.0	139.0	22.0	52.0
163.0	140.0	20.0	41.0
164.0	140.0	21.0	46.0
167.0	140.0	20.0	41.0
165.0	140.0	24.0	46.0
168.0	139.0	25.0	51.0
169.0	139.0	24.0	49.0
171.0	139.0	24.0	51.0
175.0	139.0	23.0	51.0
178.0	140.0	20.0	46.0
174.6028594970703	135.96542358398438	22.688154220581055	49.66598892211914
175.15956115722656	134.63861083984375	22.517244338989258	49.489933013916016
173.5227508544922	131.61830139160156	23.736919403076172	51.18803405761719
172.87535095214844	129.41676330566406	24.375774383544922	52.09202575683594
182.0	137.0	25.0	55.0
187.0	138.0	21.0	49.0
189.0	138.0	20.0	48.0
186.55551147460938	135.1355743408203	21.68427085876465	50.28132629394531
191.0	139.0	19.0	45.0
192.0	139.0	19.0	48.0
194.0	138.0	19.0	47.0
198.0	137.0	21.0	51.0
199.0	137.0	23.0	51.0
199.0	137.0	25.0	51.0
201.0	136.0	24.0	51.0
204.0	136.0	22.0	49.0
206.0	135.0	20.0	45.0
208.0	135.0	22.0	46.0
208.0	135.0	26.0	47.0
212.0	134.0	23.0	49.0
212.0	135.0	24.0	49.0
214.0	135.0	23.0	47.0
214.0	135.0	25.0	46.0
216.0	136.0	23.0	45.0
217.0	136.0	24.0	47.0
220.0	135.0	23.0	46.0
223.0	136.0	22.0	45.0
224.0	135.0	23.0	48.0
226.0	136.0	22.0	46.0
229.0	134.0	19.0	46.0
231.0	133.0	18.0	46.0
231.0	134.0	19.0	44.0
232.0	134.0	20.0	46.0
233.0	133.0	20.0	45.0
234.0	134.0	23.0	48.0
235.0	132.0	24.0	53.0
236.0	135.0	25.0	52.0
239.0	135.0	25.0	52.0
242.0	133.0	24.0	51.0
245.0	133.0	23.0	50.0
247.0	132.0	22.0	53.0
249.0	133.0	22.0	54.0
250.0	132.0	22.0	54.0
251.0	131.0	21.0	53.0
252.0	130.0	22.0	55.0
255.0	130.0	20.0	52.0
257.0	130.0	20.0	52.0
259.0	130.0	21.0	55.0
260.0	130.0	23.0	54.0
260.0	130.0	27.0	57.0
262.0	130.0	25.0	57.0
264.0	130.0	25.0	56.0
265.0	130.0	24.0	56.0
269.0	130.0	21.0	51.0
270.0	130.0	22.0	51.0
272.0	130.0	21.0	51.0
273.0	129.0	21.0	52.0
274.0	129.0	21.0	52.0
276.0	128.0	21.0	52.0
277.0	126.0	22.0	54.0
279.0	129.0	21.0	52.0
283.0	128.0	23.0	53.0
284.0	128.0	23.0	54.0
285.0	129.0	24.0	53.0
286.0	128.0	24.0	53.0
287.0	130.0	25.0	51.0
289.0	129.0	24.0	52.0
291.0	129.0	23.0	51.0
293.0	128.0	22.0	52.0
294.0	128.0	21.0	50.0
296.0	129.0	20.0	50.0
296.0	127.0	23.0	52.0
298.0	127.0	23.0	52.0
305.0	129.0	26.0	54.0
305.0	129.0	32.0	55.0
306.0	129.0	26.0	55.0
308.0	131.0	25.0	57.0
309.0	131.0	23.0	54.0
310.0	131.0	27.0	53.0
309.0	129.0	31.0	55.0
309.0	129.0	30.0	56.0
310.0	128.0	31.0	53.0
314.0	128.0	29.0	51.0
315.0	128.0	27.0	51.0
301.0	135.0	20.0	51.0
321.0	126.0	21.0	49.0
325.0	127.0	17.0	43.0
326.0	126.0	16.0	42.0
327.0	126.0	18.0	47.0
329.0	126.0	21.0	49.0
329.0	127.0	19.0	46.0
330.0	127.0	20.0	47.0
331.0	127.0	20.0	44.0
334.0	127.0	17.0	39.0
327.0	127.0	32.0	48.0
338.0	129.0	15.0	33.0
338.59967041015625	126.0760498046875	16.210315704345703	34.93806076049805
340.0	128.0	19.0	40.0
337.0	127.0	24.0	44.0
335.0	126.0	31.0	53.0
338.0	125.0	28.0	53.0
339.0	127.0	27.0	47.0
338.0	126.0	30.0	53.0
347.0	126.0	19.0	38.0
346.5577697753906	123.3851547241211	20.225749969482422	41.067378997802734
345.0	126.0	30.0	53.0
346.0	126.0	30.0	54.0
348.0	126.0	30.0	52.0
352.0	127.0	26.0	52.0
353.0	126.0	26.0	55.0
355.0	127.0	24.0	54.0
357.0	127.0	26.0	55.0
359.0	126.0	24.0	55.0
360.0	125.0	26.0	57.0
358.8228759765625	127.93094635009766	25.99396514892578	57.09098815917969
364.0	126.0	23.0	56.0
366.632080078125	124.5338134765625	22.514108657836914	54.81695556640625
370.0	127.0	19.0	40.0
371.0	125.0	18.0	41.0
374.0	127.0	15.0	35.0
375.3405456542969	127.12071990966797	16.03949546813965	36.212135314941406
381.0	126.0	11.0	27.0
382.5008850097656	126.79222869873047	11.463441848754883	28.49534797668457
383.2483825683594	127.68848419189453	11.193004608154297	28.815603256225586
384.0	126.0	15.0	35.0
385.0	126.0	16.0	39.0
383.0	126.0	25.0	50.0
378.0	124.0	33.0	57.0
384.0	124.0	28.0	53.0
391.0	123.0	17.0	38.0
392.0	124.0	20.0	43.0
387.0	124.0	31.0	54.0
388.0	125.0	32.0	49.0
385.0	124.0	42.0	56.0
395.0	126.0	28.0	45.0
398.0	126.0	31.0	52.0
403.0	127.0	22.0	47.0
404.0	126.0	23.0	48.0
403.0	126.0	27.0	52.0
407.0	126.0	23.0	51.0
411.0	127.0	19.0	47.0
411.0	123.0	19.0	50.0
412.0	125.0	21.0	53.0
418.0	124.0	15.0	41.0
417.0	124.0	18.0	49.0
418.0	123.0	19.0	50.0
420.0	124.0	18.0	50.0
422.0	123.0	18.0	48.0
424.0	123.0	18.0	49.0
422.0	124.0	23.0	52.0
428.0	124.0	20.0	47.0
429.0	122.0	21.0	49.0
431.0	124.0	23.0	50.0
433.0	123.0	21.0	49.0
434.0	122.0	20.0	50.0
435.0	122.0	19.0	49.0
434.0	121.0	22.0	53.0
438.0	122.0	21.0	56.0
442.0	124.0	19.0	50.0
443.0	121.0	22.0	54.0
444.0	122.0	23.0	53.0
446.0	122.0	23.0	54.0
446.0	123.0	25.0	53.0
448.0	120.0	25.0	57.0
451.0	121.0	24.0	54.0
452.0	120.0	24.0	55.0
