38.0	137.0	40.0	111.0
42.0	137.0	36.0	109.0
45.0	138.0	34.0	107.0
52.0	135.0	33.0	109.0
55.0	135.0	35.0	110.0
61.0	134.0	37.0	110.0
66.0	136.0	34.0	107.0
73.0	137.0	33.0	108.0
78.0	136.0	36.0	109.0
81.0	138.0	34.0	108.0
84.0	137.0	35.0	110.0
92.0	137.0	34.0	110.0
98.0	135.0	35.0	110.0
102.0	132.0	38.0	114.0
110.0	133.0	34.0	112.0
116.0	132.0	36.0	113.0
122.0	132.0	35.0	117.0
130.0	133.0	34.0	115.0
136.0	137.0	35.0	109.0
140.0	140.0	34.0	105.0
145.0	136.0	35.0	111.0
153.0	134.0	36.0	112.0
156.0	130.0	40.0	117.0
163.0	128.0	40.0	119.0
172.0	133.0	39.0	110.0
180.0	135.0	33.0	106.0
188.0	136.0	32.0	108.0
191.0	134.0	38.0	113.0
190.9835662841797	130.17689514160156	33.46497344970703	112.13711547851562
208.0	138.0	31.0	105.0
215.0	137.0	33.0	105.0
220.0	133.0	35.0	108.0
227.0	131.0	34.0	109.0
235.0	131.0	37.0	110.0
243.0	134.0	36.0	110.0
249.0	136.0	36.0	107.0
256.0	138.0	36.0	106.0
261.0	138.0	35.0	107.0
268.0	138.0	33.0	105.0
272.0	134.0	34.0	111.0
279.0	136.0	32.0	105.0
283.0	132.0	36.0	111.0
289.0	131.0	35.0	111.0
296.0	131.0	34.0	109.0
302.0	134.0	35.0	108.0
308.0	137.0	31.0	99.0
313.0	139.0	31.0	100.0
319.0	141.0	31.0	96.0
324.0	139.0	31.0	101.0
329.0	134.0	33.0	106.0
333.0	133.0	32.0	107.0
337.0	132.0	34.0	105.0
343.0	133.0	33.0	106.0
349.0	135.0	34.0	104.0
353.0	137.0	34.0	103.0
355.0	137.0	34.0	103.0
360.0	137.0	34.0	103.0
362.0	136.0	32.0	102.0
364.0	135.0	33.0	100.0
368.0	133.0	33.0	103.0
371.0	134.0	35.0	103.0
374.0	134.0	32.0	100.0
377.0	136.0	32.0	97.0
378.0	138.0	34.0	96.0
382.0	139.0	32.0	95.0
386.0	139.0	32.0	97.0
388.0	138.0	31.0	96.0
391.0	138.0	30.0	95.0
391.0	135.0	32.0	100.0
395.0	135.0	29.0	98.0
396.0	136.0	30.0	95.0
397.0	137.0	30.0	95.0
400.0	138.0	29.0	93.0
401.0	140.0	30.0	92.0
402.0	141.0	29.0	91.0
403.0	143.0	27.0	90.0
403.0	141.0	28.0	90.0
403.0	138.0	29.0	93.0
403.0	136.0	29.0	93.0
404.0	138.0	29.0	91.0
403.0	139.0	29.0	89.0
404.0	139.0	29.0	89.0
406.0	141.0	27.0	88.0
406.0	143.0	28.0	85.0
408.0	142.0	27.0	86.0
409.0	142.0	26.0	84.0
409.0	142.0	26.0	84.0
410.0	139.0	27.0	86.0
410.0	138.0	28.0	88.0
411.0	139.0	28.0	86.0
411.0	141.0	28.0	84.0
411.0	142.0	26.0	80.0
412.0	145.0	24.0	76.0
413.0	145.0	24.0	76.0
413.0	144.0	25.0	79.0
413.0	142.0	24.0	79.0
413.0	142.0	24.0	79.0
412.0	139.0	25.0	83.0
413.0	140.0	24.0	80.0
412.0	141.0	25.0	79.0
413.0	143.0	24.0	78.0
413.0	144.0	25.0	78.0
413.0	145.0	25.0	75.0
411.0	143.0	26.0	77.0
411.0	143.0	26.0	78.0
410.0	143.0	24.0	72.0
409.0	141.0	26.0	73.0
408.0	140.0	25.0	78.0
408.0	141.0	25.0	74.0
407.0	142.0	24.0	74.0
408.0	147.0	21.0	69.0
406.0	147.0	23.0	70.0
406.0	147.0	21.0	70.0
404.0	147.0	22.0	69.0
403.0	144.0	22.0	73.0
400.0	144.0	24.0	72.0
399.0	144.0	22.0	72.0
398.0	144.0	21.0	70.0
396.0	147.0	21.0	67.0
395.0	147.0	22.0	68.0
393.0	149.0	22.0	65.0
391.0	148.0	21.0	62.0
389.0	149.0	19.0	59.0
387.0	146.0	18.0	63.0
384.0	144.0	20.0	64.0
382.0	144.0	21.0	67.0
379.0	146.0	22.0	64.0
378.0	147.0	20.0	63.0
377.0	150.0	18.0	57.0
374.0	151.0	17.0	58.0
372.0	153.0	15.0	53.0
368.0	152.0	17.0	55.0
365.0	149.0	19.0	59.0
361.0	146.0	21.0	60.0
358.0	144.0	21.0	64.0
357.0	146.0	19.0	62.0
355.0	151.0	18.0	56.0
353.0	153.0	17.0	54.0
350.0	150.0	18.0	58.0
347.0	149.0	18.0	59.0
343.0	150.0	19.0	57.0
340.0	148.0	20.0	58.0
338.0	146.0	20.0	61.0
335.0	146.0	21.0	62.0
331.0	148.0	20.0	59.0
329.0	149.0	18.0	57.0
327.0	152.0	16.0	49.0
325.0	153.0	14.0	48.0
319.0	148.0	17.0	58.0
316.0	146.0	18.0	59.0
312.0	146.0	21.0	58.0
309.0	145.0	19.0	59.0
306.0	145.0	18.0	58.0
303.0	149.0	17.0	48.0
301.0	147.0	17.0	57.0
297.0	152.0	18.0	50.0
295.0	150.0	17.0	53.0
292.2151184082031	149.3028106689453	17.03792953491211	53.118255615234375
288.0	150.0	18.0	52.0
286.0	149.0	17.0	52.0
282.0	148.0	17.0	52.0
279.0	148.0	18.0	51.0
276.0	150.0	16.0	46.0
272.0	148.0	18.0	55.0
269.0	149.0	17.0	54.0
265.0	151.0	17.0	51.0
262.0	152.0	15.0	50.0
258.0	151.0	16.0	50.0
253.0	150.0	18.0	52.0
250.0	150.0	18.0	51.0
247.0	149.0	18.0	51.0
243.0	149.0	17.0	50.0
240.0	149.0	15.0	49.0
236.0	150.0	17.0	50.0
232.0	150.0	17.0	51.0
230.0	150.0	16.0	52.0
225.0	148.0	18.0	56.0
222.0	147.0	19.0	53.0
217.0	150.0	19.0	50.0
212.10488891601562	147.78623962402344	19.120166778564453	50.31623077392578
209.04052734375	148.4068603515625	19.02232551574707	50.058753967285156
208.8406219482422	147.968994140625	18.724945068359375	49.603641510009766
208.8433837890625	147.35015869140625	18.488447189331055	49.31825256347656
208.73898315429688	146.72787475585938	18.440162658691406	49.2610969543457
208.61151123046875	146.10169982910156	18.34740447998047	49.1733512878418
208.4251251220703	145.4354248046875	18.247177124023438	49.098995208740234
208.17739868164062	144.72271728515625	18.14820098876953	49.05321502685547
207.87020874023438	143.9635009765625	18.045576095581055	49.03477478027344
207.49766540527344	143.15289306640625	17.943788528442383	49.053863525390625
207.05572509765625	142.28720092773438	17.845775604248047	49.12068176269531
206.5401611328125	141.36167907714844	17.754409790039062	49.247344970703125
205.94602966308594	140.37054443359375	17.67335319519043	49.44938278198242
206.9970703125	144.68447875976562	17.434619903564453	48.78142166137695
206.7080535888672	142.29611206054688	17.225107192993164	48.195213317871094
207.29708862304688	142.22329711914062	17.230012893676758	48.20893478393555
207.2349090576172	144.73426818847656	17.23493003845215	48.222694396972656
207.27734375	143.53091430664062	17.179174423217773	48.06669235229492
206.82144165039062	142.04837036132812	16.936960220336914	47.38898468017578
206.9078826904297	143.58901977539062	16.86443519592285	47.186058044433594
207.12539672851562	145.04104614257812	17.131546020507812	47.93342590332031
206.9065399169922	142.9666748046875	17.09934425354004	47.84332275390625
207.6434783935547	146.43203735351562	16.848796844482422	47.142303466796875
207.74520874023438	144.1880645751953	16.52426528930664	46.23427963256836
207.6223907470703	146.24085998535156	16.806365966796875	47.023582458496094
207.8034210205078	143.04873657226562	16.929845809936523	47.36907196044922
209.33200073242188	146.69772338867188	17.075748443603516	47.77730178833008
207.4493865966797	146.04660034179688	16.948862075805664	47.422279357910156
206.938720703125	144.57464599609375	17.22614097595215	48.198097229003906
208.86544799804688	144.4845428466797	17.203073501586914	48.13355255126953
207.8096160888672	143.47915649414062	17.39875602722168	48.681068420410156
206.32675170898438	140.12261962890625	17.808557510375977	49.82768249511719
206.3572235107422	141.77235412597656	18.04132652282715	50.47895431518555
208.4316864013672	142.48081970214844	18.17855453491211	50.86290740966797
206.8568878173828	139.18539428710938	18.066787719726562	50.55018997192383
206.1295928955078	142.9735107421875	18.099407196044922	50.641456604003906
210.1624298095703	139.14151000976562	17.789859771728516	49.775352478027344
206.78024291992188	140.9912567138672	17.968162536621094	50.274234771728516
208.537841796875	143.3118133544922	17.978425979614258	50.302955627441406
207.84024047851562	141.97044372558594	17.74873161315918	49.6602783203125
206.9071044921875	142.6828155517578	17.49601173400879	48.95317840576172
208.43472290039062	145.0143585205078	17.562829971313477	49.140132904052734
207.26904296875	141.2822265625	17.699295043945312	49.5219612121582
206.87948608398438	142.20889282226562	17.831886291503906	49.8929443359375
95.0	147.0	18.0	57.0
93.0	145.0	19.0	58.0
92.0	145.0	19.0	57.0
92.0	143.0	19.0	59.0
90.0	143.0	19.0	60.0
88.0	141.0	21.0	63.0
89.0	144.0	20.0	60.0
86.0	144.0	20.0	61.0
86.0	145.0	20.0	60.0
87.0	145.0	19.0	60.0
84.0	142.0	21.0	65.0
84.0	143.0	20.0	64.0
82.0	144.0	19.0	63.0
82.0	144.0	19.0	63.0
82.0	143.0	19.0	65.0
80.0	142.0	20.0	66.0
80.0	144.0	20.0	64.0
80.0	144.0	20.0	64.0
80.0	145.0	19.0	64.0
79.0	144.0	19.0	66.0
78.0	144.0	19.0	65.0
77.0	143.0	19.0	68.0
78.0	143.0	18.0	67.0
78.0	143.0	18.0	66.0
77.0	142.0	18.0	69.0
76.0	142.0	19.0	69.0
74.0	142.0	20.0	70.0
74.65249633789062	143.80882263183594	19.9533634185791	69.8367691040039
74.56452178955078	145.76290893554688	19.70356559753418	68.96247863769531
73.53273010253906	145.39260864257812	19.621013641357422	68.67355346679688
66.0	139.0	23.0	75.0
65.0	139.0	23.0	75.0
63.0	140.0	20.0	73.0
62.0	140.0	20.0	73.0
62.0	141.0	19.0	72.0
60.0	142.0	20.0	71.0
60.0	141.0	20.0	73.0
59.0	142.0	19.0	71.0
57.0	139.0	21.0	74.0
57.0	139.0	21.0	74.0
56.0	138.0	22.0	75.0
57.0	139.0	21.0	75.0
55.0	138.0	24.0	76.0
55.0	139.0	22.0	75.0
54.0	140.0	23.0	75.0
54.0	141.0	23.0	74.0
54.0	140.0	23.0	76.0
53.0	139.0	24.0	77.0
52.0	138.0	24.0	78.0
52.0	138.0	24.0	78.0
50.0	137.0	25.0	78.0
49.0	138.0	25.0	77.0
49.0	138.0	25.0	79.0
48.0	139.0	26.0	78.0
47.0	139.0	27.0	78.0
47.0	140.0	27.0	77.0
46.0	139.0	28.0	78.0
46.0	138.0	26.0	78.0
46.0	137.0	26.0	79.0
45.0	136.0	28.0	80.0
45.0	136.0	28.0	81.0
45.0	136.0	28.0	81.0
44.0	137.0	30.0	81.0
44.0	139.0	28.0	78.0
45.0	140.0	29.0	78.0
44.0	140.0	29.0	79.0
44.0	138.0	30.0	81.0
44.0	136.0	30.0	83.0
43.0	135.0	30.0	85.0
44.0	135.0	30.0	84.0
44.0	134.0	30.0	86.0
45.0	136.0	29.0	84.0
43.0	138.0	30.0	84.0
44.0	139.0	30.0	85.0
44.0	140.0	28.0	84.0
45.0	139.0	29.0	85.0
44.0	138.0	29.0	87.0
44.0	135.0	29.0	90.0
45.0	135.0	28.0	88.0
45.0	135.0	29.0	89.0
45.0	135.0	29.0	90.0
44.0	135.0	31.0	94.0
44.0	136.0	32.0	94.0
44.0	137.0	31.0	93.0
43.0	137.0	32.0	93.0
45.0	136.0	30.0	94.0
45.0	134.0	31.0	97.0
45.0	135.0	31.0	95.0
44.0	134.0	32.0	97.0
44.0	134.0	31.0	98.0
43.0	135.0	33.0	98.0
43.0	137.0	33.0	95.0
42.0	137.0	34.0	96.0
42.0	137.0	31.0	95.0
43.0	136.0	32.0	98.0
43.0	135.0	33.0	100.0
42.0	133.0	34.0	99.0
41.0	132.0	35.0	102.0
41.0	132.0	34.0	101.0
41.0	132.0	35.0	104.0
42.0	135.0	34.0	100.0
40.0	135.0	34.0	102.0
42.0	137.0	34.0	99.0
41.0	136.0	34.0	101.0
41.0	133.0	36.0	102.0
41.0	132.0	35.0	107.0
41.0	131.0	36.0	108.0
41.0	133.0	36.0	103.0
42.0	131.0	35.0	108.0
42.0	135.0	35.0	105.0
42.0	134.0	34.0	107.0
42.0	135.0	35.0	106.0
43.0	138.0	34.0	103.0
44.0	138.0	33.0	105.0
45.0	137.0	33.0	106.0
45.0	135.0	33.0	109.0
48.0	134.0	32.0	107.0
49.0	133.0	33.0	110.0
54.0	131.0	31.0	111.0
55.0	131.0	33.0	111.0
59.0	132.0	32.0	112.0
61.0	136.0	33.0	108.0
65.0	136.0	32.0	109.0
68.0	136.0	32.0	110.0
71.0	137.0	32.0	107.0
76.0	136.0	30.0	109.0
77.0	133.0	33.0	111.0
78.0	129.0	36.0	114.0
82.0	129.0	37.0	114.0
89.0	131.0	33.0	109.0
93.0	130.0	36.0	116.0
98.0	133.0	34.0	113.0
106.0	131.0	36.0	115.0
108.0	134.0	35.0	114.0
114.0	132.0	38.0	116.0
118.0	135.0	35.0	110.0
123.0	133.0	34.0	112.0
126.0	132.0	35.0	112.0
131.0	132.0	36.0	112.0
140.0	135.0	33.0	109.0
146.0	139.0	31.0	104.0
152.0	138.0	32.0	106.0
157.0	139.0	32.0	106.0
164.0	140.0	32.0	104.0
169.0	137.0	33.0	109.0
174.0	134.0	34.0	112.0
183.0	130.0	33.0	111.0
188.0	129.0	32.0	111.0
193.0	128.0	35.0	115.0
201.0	133.0	39.0	109.0
208.0	130.0	38.0	116.0
213.0	132.0	35.0	114.0
221.0	136.0	34.0	106.0
227.0	140.0	31.0	102.0
231.0	137.0	35.0	107.0
238.0	137.0	36.0	106.0
246.0	136.0	36.0	106.0
252.0	134.0	36.0	107.0
263.0	137.0	33.0	104.0
267.0	137.0	32.0	103.0
272.0	139.0	33.0	99.0
282.0	141.0	30.0	96.0
287.0	141.0	31.0	98.0
294.0	139.0	31.0	99.0
300.0	135.0	33.0	104.0
305.0	136.0	33.0	100.0
312.0	138.0	33.0	97.0
318.0	138.0	34.0	99.0
325.0	141.0	31.0	94.0
330.0	142.0	31.0	90.0
334.0	141.0	30.0	93.0
340.0	138.0	32.0	98.0
345.0	137.0	31.0	100.0
350.0	134.0	32.0	103.0
355.0	136.0	30.0	99.0
360.0	137.0	31.0	97.0
363.0	138.0	31.0	95.0
368.0	142.0	30.0	91.0
372.0	140.0	30.0	92.0
375.0	139.0	30.0	93.0
379.0	139.0	29.0	92.0
384.0	139.0	28.0	91.0
387.0	139.0	30.0	91.0
389.0	140.0	29.0	89.0
393.0	141.0	29.0	88.0
397.0	142.0	29.0	88.0
400.0	144.0	28.0	85.0
401.0	143.0	27.0	86.0
403.0	141.0	26.0	86.0
404.0	138.0	27.0	90.0
406.0	141.0	25.0	83.0
407.0	139.0	26.0	86.0
408.0	141.0	27.0	83.0
410.0	143.0	26.0	81.0
410.0	143.0	28.0	83.0
411.0	144.0	27.0	82.0
411.0	142.0	28.0	83.0
412.0	143.0	27.0	81.0
411.0	141.0	27.0	83.0
412.0	140.0	27.0	83.0
413.0	142.0	26.0	79.0
412.0	143.0	27.0	76.0
414.0	145.0	25.0	74.0
413.0	144.0	27.0	77.0
412.0	147.0	25.0	73.0
412.0	148.0	23.0	71.0
411.0	147.0	23.0	72.0
411.0	147.0	21.0	67.0
408.0	144.0	23.0	73.0
406.0	144.0	24.0	73.0
406.0	145.0	23.0	72.0
406.0	147.0	22.0	70.0
404.0	148.0	23.0	68.0
402.0	148.0	23.0	69.0
400.0	150.0	20.0	58.0
397.0	145.0	23.0	71.0
394.0	145.0	23.0	70.0
390.0	143.0	23.0	71.0
388.0	144.0	23.0	70.0
387.0	147.0	21.0	64.0
384.0	149.0	21.0	65.0
381.0	150.0	20.0	64.0
379.0	150.0	19.0	63.0
376.0	147.0	20.0	64.0
372.0	147.0	21.0	64.0
368.0	146.0	21.0	63.0
366.0	150.0	20.0	58.0
363.0	150.0	20.0	60.0
360.0	149.0	19.0	61.0
357.0	152.0	18.0	55.0
353.45654296875	154.91244506835938	18.115896224975586	55.3541259765625
350.0	151.0	19.0	55.0
347.0	148.0	17.0	61.0
341.0	147.0	20.0	61.0
339.0	147.0	22.0	61.0
334.0	147.0	23.0	61.0
331.0	149.0	21.0	57.0
328.0	150.0	19.0	53.0
326.0	154.0	15.0	46.0
320.0	149.0	18.0	58.0
316.0	147.0	19.0	60.0
312.0	149.0	19.0	54.0
309.0	149.0	19.0	55.0
301.98284912109375	147.554931640625	18.93335723876953	54.80708694458008
300.0	147.0	19.0	58.0
297.0	153.0	17.0	50.0
292.0	152.0	18.0	53.0
289.0	151.0	16.0	51.0
286.0	152.0	16.0	52.0
282.0	149.0	17.0	54.0
277.0	149.0	17.0	51.0
272.0	148.0	20.0	54.0
266.8127746582031	148.018310546875	20.13315200805664	54.3595085144043
263.0	147.0	21.0	54.0
260.0	151.0	19.0	51.0
257.0	151.0	17.0	51.0
253.0	153.0	15.0	48.0
248.0	150.0	16.0	51.0
244.0	150.0	16.0	48.0
239.0	149.0	18.0	52.0
233.0	148.0	20.0	54.0
230.0	148.0	20.0	52.0
226.0	149.0	18.0	47.0
223.05526733398438	150.87359619140625	17.657989501953125	46.10696792602539
218.8057098388672	152.15097045898438	17.733572006225586	46.3043212890625
214.0	147.0	17.0	54.0
210.0	148.0	16.0	53.0
210.15798950195312	148.2379913330078	16.10074806213379	52.710872650146484
210.60098266601562	148.06613159179688	16.22842025756836	52.59928894042969
211.15992736816406	148.08216857910156	16.305889129638672	52.478271484375
211.63943481445312	148.04568481445312	16.43422508239746	52.43915557861328
212.11495971679688	148.0457763671875	16.521970748901367	52.38776397705078
183.0	142.0	27.0	63.0
180.0	147.0	24.0	55.0
176.37478637695312	148.1927490234375	24.040979385375977	55.093910217285156
169.6183624267578	150.19248962402344	23.58348846435547	54.045494079589844
167.5397491455078	150.26449584960938	23.401599884033203	53.62866973876953
165.44351196289062	148.33377075195312	23.634361267089844	54.162078857421875
161.257080078125	149.27601623535156	23.439266204833984	53.714996337890625
157.880615234375	148.71348571777344	23.340534210205078	53.48872756958008
159.0	146.0	17.0	54.0
154.0	146.0	20.0	54.0
151.0	148.0	19.0	52.0
149.0	148.0	18.0	51.0
146.0	148.0	18.0	52.0
143.0	149.0	18.0	50.0
141.0	148.0	18.0	52.0
136.0	142.0	20.0	61.0
132.0	142.0	20.0	59.0
132.49073791503906	144.05917358398438	19.799537658691406	58.40863800048828
129.0	144.0	19.0	56.0
129.0	145.0	17.0	54.0
125.0	148.0	18.0	53.0
124.0	148.0	17.0	53.0
121.0	147.0	19.0	55.0
120.0	147.0	18.0	56.0
120.0	147.0	16.0	53.0
117.0	146.0	17.0	53.0
115.0	147.0	17.0	52.0
111.0	144.0	19.0	58.0
110.0	145.0	19.0	57.0
109.0	147.0	17.0	55.0
106.0	147.0	19.0	57.0
105.0	147.0	19.0	57.0
103.0	147.0	18.0	57.0
102.0	148.0	17.0	56.0
99.0	146.0	18.0	58.0
97.0	144.0	18.0	61.0
95.0	144.0	19.0	60.0
93.0	145.0	20.0	59.0
92.0	145.0	20.0	62.0
89.0	144.0	21.0	62.0
88.0	146.0	20.0	60.0
84.0	141.0	22.0	66.0
84.0	142.0	21.0	64.0
82.0	142.0	20.0	65.0
81.0	142.0	20.0	65.0
80.0	142.0	21.0	67.0
78.0	141.0	22.0	71.0
77.0	142.0	21.0	70.0
78.0	142.0	19.0	70.0
77.0	141.0	19.0	71.0
75.0	141.0	19.0	73.0
74.00956726074219	145.11676025390625	18.83120346069336	72.3514633178711
73.30665588378906	138.68675231933594	18.95473289489746	72.8260726928711
65.0	139.0	24.0	75.0
62.0	141.0	23.0	73.0
61.0	141.0	20.0	72.0
59.0	142.0	20.0	72.0
59.0	143.0	20.0	71.0
58.0	141.0	20.0	73.0
57.0	139.0	21.0	75.0
55.0	138.0	23.0	76.0
54.0	138.0	22.0	76.0
53.0	139.0	24.0	74.0
52.0	140.0	24.0	74.0
51.0	141.0	24.0	75.0
49.0	141.0	27.0	76.0
49.0	142.0	26.0	75.0
48.0	140.0	26.0	77.0
47.0	141.0	26.0	76.0
46.0	139.0	26.0	77.0
46.0	140.0	27.0	76.0
45.0	139.0	27.0	78.0
44.0	138.0	29.0	80.0
43.0	140.0	29.0	78.0
43.0	141.0	29.0	77.0
44.0	141.0	28.0	77.0
43.0	138.0	30.0	81.0
44.0	137.0	29.0	82.0
45.0	136.0	29.0	83.0
44.0	135.0	30.0	83.0
46.0	136.0	28.0	81.0
46.0	135.0	29.0	83.0
47.0	137.0	29.0	82.0
48.0	139.0	28.0	80.0
49.0	140.0	28.0	82.0
52.0	140.0	26.0	80.0
54.0	140.0	25.0	78.0
56.0	139.0	25.0	80.0
56.0	139.0	26.0	81.0
60.0	137.0	25.0	84.0
62.0	138.0	27.0	83.0
67.0	141.0	24.0	80.0
69.0	143.0	25.0	78.0
73.0	144.0	25.0	80.0
76.0	142.0	26.0	83.0
79.0	141.0	27.0	84.0
80.0	138.0	30.0	86.0
85.0	137.0	29.0	87.0
92.0	136.0	28.0	86.0
97.0	138.0	27.0	84.0
102.0	140.0	26.0	83.0
108.0	140.0	26.0	83.0
112.0	138.0	30.0	88.0
117.0	141.0	26.0	82.0
123.0	142.0	24.0	79.0
127.0	141.0	25.0	81.0
131.0	138.0	27.0	85.0
136.0	137.0	27.0	85.0
140.0	133.0	30.0	92.0
149.0	141.0	25.0	81.0
155.0	143.0	25.0	81.0
161.0	141.0	25.0	84.0
165.0	143.0	26.0	81.0
173.0	142.0	26.0	83.0
178.0	138.0	26.0	86.0
184.0736846923828	138.71246337890625	26.104141235351562	86.34446716308594
191.0	138.0	30.0	79.0
193.0	137.0	28.0	85.0
200.0	142.0	25.0	80.0
202.0	140.0	29.0	83.0
208.0	142.0	27.0	83.0
218.0	143.0	25.0	79.0
225.0	143.0	24.0	77.0
231.0	144.0	22.0	75.0
235.0	141.0	24.0	80.0
241.0	142.0	25.0	79.0
246.0	141.0	26.0	81.0
254.0	143.0	24.0	78.0
259.0	142.0	24.0	79.0
266.0	142.0	25.0	81.0
270.0	144.0	24.0	76.0
275.0	143.0	23.0	79.0
281.0	144.0	23.0	78.0
285.0	143.0	25.0	78.0
289.0	138.0	26.0	83.0
297.0	140.0	25.0	81.0
301.0	141.0	25.0	81.0
308.0	143.0	23.0	78.0
312.0	144.0	24.0	79.0
319.0	144.0	22.0	76.0
324.0	144.0	23.0	75.0
328.0	140.0	25.0	80.0
333.0	140.0	25.0	80.0
337.0	139.0	27.0	80.0
343.0	142.0	26.0	78.0
349.0	145.0	24.0	75.0
355.0	145.0	25.0	76.0
358.0	145.0	25.0	78.0
363.0	146.0	24.0	77.0
366.0	146.0	24.0	77.0
369.0	144.0	24.0	78.0
373.0	143.0	24.0	77.0
378.0	142.0	25.0	79.0
381.0	141.0	24.0	79.0
384.0	142.0	26.0	79.0
388.0	144.0	26.0	77.0
391.0	148.0	24.0	66.0
393.0	146.0	25.0	76.0
394.0	146.0	26.0	75.0
398.0	145.0	25.0	76.0
401.0	143.0	26.0	79.0
402.0	143.0	27.0	78.0
404.0	144.0	26.0	76.0
406.0	144.0	26.0	77.0
408.0	144.0	27.0	78.0
410.0	145.0	27.0	77.0
411.0	145.0	27.0	77.0
410.0	144.0	27.0	77.0
411.0	144.0	26.0	76.0
411.0	144.0	25.0	73.0
411.0	143.0	24.0	72.0
411.0	142.0	24.0	75.0
411.0	143.0	25.0	76.0
410.0	145.0	25.0	75.0
410.0	147.0	24.0	73.0
410.0	146.0	24.0	72.0
409.0	149.0	21.0	64.0
407.0	147.0	22.0	70.0
405.0	145.0	24.0	72.0
404.0	144.0	24.0	72.0
401.0	143.0	24.0	73.0
402.0	145.0	22.0	71.0
400.0	147.0	23.0	70.0
399.0	149.0	21.0	67.0
397.0	150.0	20.0	66.0
395.0	150.0	20.0	66.0
394.0	149.0	19.0	67.0
391.0	148.0	21.0	68.0
388.0	145.0	22.0	71.0
384.9022521972656	144.44337463378906	22.142871856689453	71.4610824584961
384.0	147.0	21.0	63.0
382.0	146.0	21.0	67.0
381.0	150.0	20.0	64.0
378.0	151.0	19.0	58.0
377.0	149.0	18.0	59.0
374.0	148.0	19.0	62.0
372.0	147.0	18.0	61.0
369.0	144.0	19.0	63.0
366.0	146.0	21.0	59.0
365.0	147.0	20.0	60.0
363.0	146.0	19.0	59.0
361.0	147.0	19.0	59.0
360.0	151.0	17.0	54.0
358.0	152.0	17.0	53.0
355.0	150.0	18.0	58.0
352.0	148.0	19.0	61.0
349.0	147.0	20.0	62.0
346.0	144.0	20.0	64.0
344.0	147.0	19.0	61.0
342.0	148.0	19.0	59.0
341.0	148.0	17.0	61.0
338.0	151.0	18.0	55.0
336.0	149.0	17.0	58.0
333.0	149.0	18.0	56.0
330.0	149.0	18.0	59.0
326.0	145.0	20.0	63.0
325.0	145.0	17.0	57.0
321.0	147.0	19.0	58.0
318.0	147.0	19.0	60.0
316.0	149.0	18.0	56.0
313.19403076171875	151.7565460205078	17.8562068939209	55.552650451660156
311.0	149.0	17.0	55.0
306.0	148.0	18.0	57.0
305.0	150.0	18.0	52.0
301.0	147.0	17.0	55.0
296.609619140625	147.38726806640625	17.069820404052734	55.22589111328125
296.0	152.0	17.0	50.0
292.4922180175781	151.7784881591797	16.859642028808594	49.587181091308594
290.0	149.0	16.0	54.0
288.0	151.0	15.0	52.0
285.0	151.0	16.0	52.0
282.0	149.0	17.0	54.0
278.494873046875	149.65753173828125	16.744449615478516	53.1882438659668
276.0	148.0	17.0	53.0
273.0	147.0	18.0	55.0
270.0	148.0	17.0	52.0
268.0	149.0	18.0	55.0
264.0	149.0	17.0	55.0
262.0	152.0	15.0	50.0
258.0	151.0	16.0	51.0
254.13345336914062	150.4455108642578	16.003490447998047	51.01112747192383
251.0	150.0	16.0	52.0
248.0	148.0	17.0	52.0
245.0	146.0	18.0	54.0
242.0	146.0	17.0	54.0
237.282958984375	146.40872192382812	17.137348175048828	54.43628692626953
235.0	147.0	18.0	54.0
232.0	148.0	16.0	51.0
230.71420288085938	149.42848205566406	16.149272918701172	51.475807189941406
228.0	149.0	15.0	52.0
223.0	147.0	18.0	56.0
220.0	146.0	19.0	57.0
218.0	146.0	18.0	55.0
215.0	146.0	18.0	55.0
213.0	147.0	17.0	54.0
210.0	146.0	18.0	55.0
205.0	148.0	18.0	55.0
204.0	152.0	15.0	49.0
199.0	150.0	17.0	50.0
199.0	150.0	13.0	46.0
194.0	147.0	17.0	52.0
187.4886016845703	148.10906982421875	17.285879135131836	52.87445068359375
188.0	142.0	20.0	58.0
185.0	143.0	19.0	56.0
182.0	147.0	17.0	49.0
180.0	148.0	16.0	48.0
177.0	148.0	16.0	49.0
174.0	148.0	14.0	48.0
171.0	150.0	14.0	48.0
166.0	144.0	17.0	57.0
163.0	144.0	18.0	56.0
160.0	144.0	19.0	55.0
157.0	145.0	20.0	54.0
154.0	144.0	18.0	52.0
151.0	146.0	19.0	53.0
146.0	147.0	21.0	53.0
147.0	149.0	17.0	51.0
144.0	149.0	17.0	53.0
142.0	150.0	17.0	51.0
139.79916381835938	150.53550720214844	17.28420066833496	51.85260772705078
138.44650268554688	149.84671020507812	17.13050651550293	51.39152908325195
135.4304656982422	148.4541778564453	17.23721694946289	51.7116584777832
135.0	148.0	17.0	52.0
133.5727996826172	147.99737548828125	17.291851043701172	51.600189208984375
131.7730255126953	148.04928588867188	17.582860946655273	51.32184982299805
130.0	147.0	17.0	52.0
128.3003387451172	147.3858642578125	17.053054809570312	51.533958435058594
125.68302154541016	147.39382934570312	17.411231994628906	51.63867950439453
122.89313507080078	147.68869018554688	17.31956672668457	51.350868225097656
119.42512512207031	147.85894775390625	17.333831787109375	51.4235725402832
115.6146011352539	148.14495849609375	17.048255920410156	51.40972900390625
111.28541564941406	148.2838134765625	16.674488067626953	51.657630920410156
106.69591522216797	148.272216796875	16.001779556274414	52.01795959472656
101.989501953125	147.99771118164062	15.37240982055664	52.55736541748047
97.6030044555664	147.6505889892578	15.266132354736328	52.92547607421875
93.62593841552734	147.1273193359375	15.662315368652344	53.16062927246094
90.23728942871094	146.41546630859375	16.23894500732422	53.30488586425781
87.530517578125	145.5184326171875	16.85932159423828	53.46294403076172
85.4740982055664	144.4763946533203	17.418621063232422	53.65122604370117
83.91699981689453	143.28436279296875	17.908185958862305	53.89833068847656
80.05299377441406	144.7924041748047	18.042747497558594	54.303321838378906
79.13330841064453	140.56329345703125	17.912899017333984	53.91251754760742
77.84488677978516	138.42767333984375	17.82945442199707	53.66136932373047
77.91059112548828	136.92898559570312	19.151426315307617	54.450477600097656
77.9395751953125	139.47781372070312	19.004169464111328	54.03179931640625
