61.0	32.0	11.0	35.0
62.0	32.0	12.0	36.0
63.0	32.0	12.0	35.0
64.0	32.0	11.0	34.0
64.0	31.0	11.0	36.0
64.0	31.0	12.0	37.0
65.0	31.0	11.0	37.0
66.0	30.0	11.0	35.0
67.0	31.0	11.0	36.0
67.0	30.0	12.0	37.0
67.0	30.0	12.0	37.0
67.0	32.0	12.0	35.0
68.0	31.0	13.0	37.0
70.0	32.0	13.0	37.0
71.0	31.0	13.0	38.0
72.0	31.0	13.0	39.0
73.0	32.0	12.0	36.0
73.53270721435547	34.12620162963867	11.78869342803955	35.36608123779297
74.15434265136719	33.89923095703125	11.736318588256836	35.208961486816406
76.0	34.0	12.0	34.0
77.86886596679688	36.00304412841797	11.886414527893066	33.67817687988281
78.37443542480469	38.56726837158203	11.795963287353516	33.421897888183594
78.4613265991211	37.6965446472168	11.924283981323242	33.78547286987305
78.29356384277344	36.08560562133789	11.910406112670898	33.74615478515625
78.3543701171875	37.05854034423828	11.874410629272461	33.644168853759766
78.16722106933594	38.24286651611328	11.69772720336914	33.14356231689453
80.38822937011719	40.67766571044922	11.645520210266113	32.995643615722656
81.92237854003906	44.7302131652832	11.46470832824707	32.483341217041016
82.44207763671875	42.7203483581543	11.61367130279541	32.90540313720703
82.95555114746094	40.45030975341797	11.593280792236328	32.847633361816406
83.90711212158203	39.3397102355957	11.599481582641602	32.865203857421875
87.28184509277344	38.424835205078125	11.402314186096191	32.30656051635742
87.76819610595703	39.728187561035156	11.558137893676758	32.74806213378906
88.0	37.0	13.0	35.0
88.72218322753906	33.88715362548828	13.071073532104492	35.19135284423828
89.10627746582031	35.71931076049805	13.221776962280273	35.59709167480469
89.86279296875	36.071044921875	13.247550964355469	35.66648483276367
90.44204711914062	36.319427490234375	13.376104354858398	36.012596130371094
92.10441589355469	36.12974548339844	13.420515060424805	36.132164001464844
92.23736572265625	35.29072952270508	13.483746528625488	36.30240249633789
94.13124084472656	36.25827407836914	13.461257934570312	36.241859436035156
95.72635650634766	37.972564697265625	13.445672988891602	36.19989776611328
96.96839904785156	40.0839958190918	13.268247604370117	35.72221755981445
96.8296890258789	40.429893493652344	13.203524589538574	35.54796600341797
98.0	43.0	12.0	31.0
99.0	40.0	14.0	36.0
98.85897064208984	40.861358642578125	13.938501358032227	35.841861724853516
101.2222900390625	37.7733268737793	13.955848693847656	35.88646697998047
101.2544174194336	38.91101837158203	14.027725219726562	36.071292877197266
102.52498626708984	39.797210693359375	14.109163284301758	36.28070068359375
103.05252838134766	38.073551177978516	14.194236755371094	36.49946212768555
103.84725189208984	40.558624267578125	14.37743854522705	36.970558166503906
104.0	44.0	14.0	33.0
104.71653747558594	44.08631134033203	14.116040229797363	33.273521423339844
104.70088958740234	44.17771530151367	14.089530944824219	33.211036682128906
104.80989837646484	46.52507781982422	14.159334182739258	33.375572204589844
104.96769714355469	47.35379409790039	13.865324020385742	32.68254852294922
108.64178466796875	45.89472579956055	14.185612678527832	33.4375114440918
107.3323974609375	46.163482666015625	14.32043743133545	33.75531768798828
108.39619445800781	46.661720275878906	14.574018478393555	34.35304641723633
109.0591049194336	45.69224166870117	14.496347427368164	34.16996383666992
111.2502670288086	41.428611755371094	14.624465942382812	34.471961975097656
59.0	81.0	18.0	43.0
58.9984245300293	83.78395080566406	17.62472915649414	42.103511810302734
59.0	81.0	18.0	43.0
61.658836364746094	84.77958679199219	17.69369888305664	42.268280029296875
59.0	81.0	18.0	43.0
62.37218475341797	81.40127563476562	18.03732681274414	43.08916473388672
58.0	81.0	19.0	43.0
124.0	46.0	12.0	30.0
126.27375793457031	50.07444381713867	11.907720565795898	29.769298553466797
122.9016342163086	43.40510940551758	11.811868667602539	29.5296688079834
123.68806457519531	41.441078186035156	11.899373054504395	29.748428344726562
124.19307708740234	40.456398010253906	12.16018295288086	30.40045166015625
120.7056884765625	40.41368103027344	12.01214599609375	30.030359268188477
124.3124771118164	41.929054260253906	11.83267593383789	29.581684112548828
125.19107818603516	39.23370361328125	12.1188325881958	30.297077178955078
126.15065002441406	42.89584732055664	12.185397148132324	30.463489532470703
126.50968170166016	40.59833526611328	12.17748737335205	30.4437198638916
127.27230072021484	41.218719482421875	12.17444896697998	30.436126708984375
131.0	44.0	10.0	30.0
132.0047607421875	44.86103057861328	10.08198356628418	29.825023651123047
133.0	42.0	10.0	32.0
133.88101196289062	45.46269989013672	10.238895416259766	32.73979568481445
135.00717163085938	44.972755432128906	10.29426383972168	32.78091049194336
135.24090576171875	45.2097053527832	10.288542747497559	32.762691497802734
135.9400177001953	43.05118179321289	10.289430618286133	32.63726043701172
137.0143585205078	43.530418395996094	10.334304809570312	32.706138610839844
136.91732788085938	44.16892623901367	10.28195858001709	32.54047393798828
139.08152770996094	46.50924301147461	10.24460506439209	32.42225646972656
140.128662109375	44.94005584716797	10.249147415161133	32.27397155761719
141.0677490234375	43.06846237182617	10.324816703796387	32.497947692871094
141.13040161132812	42.747352600097656	10.385258674621582	32.688194274902344
141.81005859375	46.87815856933594	10.479761123657227	32.953765869140625
142.4581756591797	45.05046463012695	10.563695907592773	33.21770095825195
146.23239135742188	41.96624755859375	10.673765182495117	33.563819885253906
146.0922393798828	42.648414611816406	10.60038948059082	33.33308792114258
146.88575744628906	44.37520980834961	10.726496696472168	33.729637145996094
147.55874633789062	46.33334732055664	10.778924942016602	33.894500732421875
148.0802459716797	46.336368560791016	10.841472625732422	34.09117889404297
148.5538787841797	46.29930114746094	11.085980415344238	34.86003875732422
149.22300720214844	42.79930877685547	11.231575012207031	35.31786346435547
150.0924530029297	39.65787887573242	11.449113845825195	36.00191879272461
150.3726043701172	40.856040954589844	11.530945777893066	36.259239196777344
150.64553833007812	41.05367660522461	11.687400817871094	36.751216888427734
151.4322052001953	39.970481872558594	11.862173080444336	37.30078887939453
153.03407287597656	39.71055221557617	11.776412010192871	37.03111267089844
154.0	38.0	12.0	40.0
155.0	40.0	12.0	38.0
155.4328155517578	40.32743835449219	12.146577835083008	38.46416473388672
157.0	40.0	13.0	38.0
159.0	41.0	13.0	36.0
159.0	40.0	12.0	38.0
159.0	40.0	12.0	37.0
161.0	39.0	13.0	41.0
161.0	40.0	13.0	40.0
161.0	41.0	13.0	39.0
162.0	41.0	13.0	38.0
162.0	41.0	14.0	39.0
162.0	40.0	15.0	40.0
164.0	41.0	14.0	39.0
164.0	41.0	13.0	39.0
165.0	41.0	14.0	38.0
165.0	42.0	14.0	39.0
165.0	40.0	14.0	44.0
164.0	41.0	14.0	41.0
163.0	40.0	15.0	44.0
164.0	39.0	17.0	49.0
163.0	41.0	15.0	41.0
163.10462951660156	41.485904693603516	15.421415328979492	42.1518669128418
163.2287139892578	42.92937469482422	15.543344497680664	42.485137939453125
164.0	40.0	15.0	45.0
164.0	40.0	14.0	45.0
164.0	38.0	15.0	48.0
162.0	39.0	15.0	43.0
162.0	41.0	15.0	41.0
161.8372344970703	40.85615158081055	15.06170654296875	41.168663024902344
162.0	39.0	14.0	42.0
159.0	39.0	15.0	41.0
160.0	41.0	14.0	40.0
160.0	41.0	13.0	39.0
160.0	41.0	13.0	39.0
160.4624481201172	41.629066467285156	13.207725524902344	39.62317657470703
160.5153350830078	39.69789505004883	13.25934886932373	39.778053283691406
159.2261505126953	40.98972702026367	13.093263626098633	39.2797966003418
157.0	42.0	12.0	36.0
157.40658569335938	41.789649963378906	11.93107795715332	35.79323196411133
155.17091369628906	38.122371673583984	12.180351257324219	36.541053771972656
154.0	41.0	12.0	37.0
154.0	40.0	12.0	39.0
153.0	40.0	13.0	39.0
152.0	40.0	12.0	38.0
151.4154815673828	37.28521728515625	12.156478881835938	38.495521545410156
151.1668243408203	40.6905403137207	12.086859703063965	38.275062561035156
148.0	39.0	14.0	40.0
149.88507080078125	39.31463623046875	14.093420028686523	40.26691436767578
147.54727172851562	41.79765701293945	14.161331176757812	40.46094512939453
145.0	41.0	14.0	38.0
144.0	41.0	13.0	37.0
145.7391357421875	43.015045166015625	12.96398639678955	36.897499084472656
144.0	40.0	12.0	37.0
143.0	40.0	13.0	36.0
141.0	38.0	13.0	39.0
142.14395141601562	38.75117111206055	13.1372709274292	39.41181182861328
140.4701385498047	36.577667236328125	13.415353775024414	40.246055603027344
140.3938751220703	35.92760467529297	13.156316757202148	39.46894836425781
139.46981811523438	36.667930603027344	13.558428764343262	40.67528533935547
137.92807006835938	38.049095153808594	13.523455619812012	40.57036590576172
136.90335083007812	37.03733444213867	13.497323989868164	40.49197006225586
135.64236450195312	38.10232162475586	13.342267990112305	40.02680587768555
134.0799560546875	38.77019119262695	13.201360702514648	39.60408401489258
133.2073211669922	38.184959411621094	13.266830444335938	39.800498962402344
133.26019287109375	37.1508903503418	13.200968742370605	39.60291290283203
132.39254760742188	37.340293884277344	13.260136604309082	39.780418395996094
129.71200561523438	36.788578033447266	13.29601001739502	39.888038635253906
129.0	37.0	13.0	38.0
128.6278533935547	37.182960510253906	13.101797103881836	38.29756164550781
127.74576568603516	36.425132751464844	12.964540481567383	37.8963508605957
126.38360595703125	35.993282318115234	12.98858642578125	37.966636657714844
125.23770904541016	35.057472229003906	12.955827713012695	37.870872497558594
124.11673736572266	36.209739685058594	13.06665325164795	38.19482421875
123.18167877197266	35.08715057373047	12.970311164855957	37.91321563720703
122.75399017333984	36.44221115112305	12.891290664672852	37.682228088378906
122.55244445800781	36.68270492553711	12.962394714355469	37.89006805419922
122.04005432128906	36.99019241333008	12.908781051635742	37.73335647583008
121.14436340332031	34.10383224487305	12.879384994506836	37.647430419921875
120.83721923828125	35.0351448059082	12.948193550109863	37.84856033325195
118.48670959472656	36.038124084472656	12.858831405639648	37.58734893798828
116.76237487792969	36.40558624267578	12.93048095703125	37.796783447265625
115.86888122558594	38.33085250854492	12.721129417419434	37.18482971191406
114.16121673583984	37.22147750854492	12.791055679321289	37.38922882080078
110.85173034667969	39.20140838623047	12.900400161743164	37.7088508605957
113.7623291015625	36.74883270263672	12.912345886230469	37.74376678466797
110.8221664428711	38.89241409301758	13.032196044921875	38.09409713745117
109.21138000488281	38.4735221862793	13.12646770477295	38.369659423828125
108.8608169555664	40.26763153076172	13.006024360656738	38.01759338378906
108.44596862792969	42.388214111328125	12.8513765335083	37.56554412841797
106.43233489990234	44.60053253173828	13.085601806640625	38.250205993652344
105.15787506103516	41.70436096191406	13.033323287963867	38.097389221191406
104.56864929199219	41.39015579223633	13.197514533996582	38.577335357666016
105.00578308105469	40.645774841308594	13.055709838867188	38.1628303527832
103.2926254272461	41.93992233276367	12.92463207244873	37.77967834472656
103.29266357421875	36.60568618774414	12.69599723815918	37.111366271972656
101.1268081665039	36.45096206665039	12.746566772460938	37.25918197631836
99.0	37.0	14.0	37.0
99.05943298339844	37.54851150512695	14.113825798034668	37.30083084106445
98.41246032714844	37.11508560180664	14.0223970413208	37.05919647216797
96.47508239746094	36.86711502075195	14.093716621398926	37.24768829345703
96.01172637939453	37.210487365722656	14.128039360046387	37.338401794433594
95.0	36.0	12.0	37.0
93.0	34.0	15.0	38.0
93.0	35.0	13.0	37.0
91.17048645019531	35.163047790527344	12.89384937286377	36.697879791259766
92.0	38.0	13.0	36.0
90.12068176269531	36.5142936706543	12.82844066619873	35.52490997314453
88.5382308959961	35.4062385559082	12.980140686035156	35.94499969482422
88.27445220947266	35.36204528808594	13.076370239257812	36.211483001708984
88.0	34.0	12.0	37.0
88.01838684082031	35.2864990234375	11.90160846710205	36.696632385253906
87.02403259277344	34.979698181152344	11.805017471313477	36.398807525634766
86.0	35.0	13.0	35.0
83.34101867675781	34.67766571044922	13.008654594421387	35.0233039855957
83.0	37.0	13.0	34.0
83.0	39.0	12.0	32.0
80.01203918457031	42.967247009277344	12.092239379882812	32.2459716796875
78.74422454833984	43.37541580200195	12.038604736328125	32.102943420410156
78.42973327636719	41.767616271972656	12.004612922668457	32.01229476928711
78.4891128540039	42.81763458251953	11.980974197387695	31.94925880432129
78.3160629272461	36.80217742919922	11.993361473083496	31.9822940826416
76.87672424316406	33.19230270385742	12.14445686340332	32.385215759277344
76.9251937866211	34.27521896362305	12.17338752746582	32.462364196777344
74.0	32.0	12.0	36.0
72.0	32.0	12.0	37.0
71.0	33.0	13.0	36.0
70.0	32.0	12.0	36.0
70.0	33.0	12.0	36.0
69.0	33.0	11.0	35.0
68.0	33.0	12.0	36.0
68.0	32.0	11.0	35.0
67.0	32.0	11.0	36.0
66.0	32.0	11.0	36.0
65.0	32.0	10.0	35.0
63.0	31.0	12.0	36.0
63.0	31.0	11.0	36.0
62.0	31.0	11.0	36.0
60.0	31.0	13.0	35.0
58.0	30.0	13.0	37.0
57.0	30.0	14.0	37.0
57.0	30.0	13.0	36.0
57.0	30.0	12.0	36.0
56.0	30.0	11.0	36.0
54.0	30.0	12.0	34.0
54.0	29.0	12.0	37.0
54.0	28.0	11.0	36.0
53.0	27.0	11.0	36.0
52.0	30.0	11.0	34.0
50.0	29.0	12.0	36.0
49.0	29.0	12.0	36.0
48.0	30.0	12.0	34.0
48.0	30.0	12.0	34.0
47.0	29.0	12.0	35.0
46.0	29.0	12.0	35.0
45.0	29.0	12.0	34.0
45.0	30.0	11.0	32.0
44.0	29.0	11.0	33.0
43.0	29.0	11.0	34.0
42.0	28.0	11.0	34.0
40.0	27.0	12.0	35.0
40.0	28.0	11.0	34.0
39.0	28.0	11.0	35.0
39.0	28.0	10.0	34.0
37.0	27.0	11.0	35.0
36.0	27.0	12.0	34.0
35.0	28.0	12.0	33.0
34.0	27.0	12.0	35.0
34.0	27.0	11.0	34.0
33.0	27.0	12.0	33.0
32.0	26.0	12.0	33.0
32.0	26.0	11.0	34.0
31.0	26.0	11.0	34.0
31.0	27.0	10.0	32.0
29.0	27.0	12.0	33.0
29.0	28.0	11.0	33.0
28.353862762451172	29.920181274414062	10.85636043548584	32.5690803527832
28.4364013671875	29.91411781311035	10.825071334838867	32.47521209716797
28.432180404663086	30.11667251586914	10.755171775817871	32.26551055908203
28.534814834594727	29.261484146118164	10.738457679748535	32.21536636352539
28.835119247436523	27.992319107055664	10.749885559082031	32.24965286254883
28.511356353759766	27.882129669189453	10.816377639770508	32.449127197265625
28.2097225189209	27.0024471282959	10.793132781982422	32.379390716552734
26.0	23.0	12.0	36.0
25.0	22.0	13.0	38.0
25.0	22.0	14.0	39.0
25.0	21.0	13.0	40.0
25.0	21.0	14.0	40.0
25.0	22.0	14.0	39.0
25.0	21.0	14.0	40.0
27.0	26.0	12.0	35.0
25.0	25.0	13.0	35.0
24.0	26.0	14.0	34.0
24.0	26.0	13.0	34.0
24.0	19.0	15.0	41.0
25.0	21.0	14.0	38.0
25.0	24.0	13.0	35.0
26.263774871826172	28.454219818115234	13.041603088378906	35.11200714111328
26.679363250732422	26.19677734375	12.934161186218262	34.82273864746094
28.0	28.0	11.0	30.0
30.0	28.0	10.0	30.0
29.35693359375	29.13872718811035	10.146138191223145	30.160018920898438
29.544200897216797	30.314208984375	10.244399070739746	30.452106475830078
28.0	26.0	12.0	34.0
30.0	25.0	11.0	35.0
31.0	28.0	10.0	33.0
31.099567413330078	29.803003311157227	10.062915802001953	32.68772506713867
32.0	26.0	11.0	33.0
33.0	26.0	10.0	32.0
33.0	26.0	10.0	31.0
33.0	27.0	11.0	31.0
34.0	27.0	11.0	33.0
35.0	27.0	11.0	35.0
36.0	26.0	11.0	34.0
36.0	27.0	11.0	35.0
37.0	28.0	12.0	34.0
38.0	27.0	12.0	36.0
39.0	28.0	11.0	34.0
39.0	28.0	12.0	35.0
40.0	28.0	11.0	34.0
41.0	30.0	11.0	33.0
42.0	28.0	12.0	34.0
43.0	30.0	12.0	32.0
44.0	29.0	11.0	33.0
45.28312301635742	30.427562713623047	10.88453197479248	32.653594970703125
45.457794189453125	30.064050674438477	11.016862869262695	33.05058288574219
47.0	27.0	12.0	37.0
48.0	28.0	11.0	35.0
48.0	27.0	12.0	38.0
48.0	26.0	13.0	41.0
49.0	25.0	13.0	41.0
50.0	27.0	13.0	38.0
52.0	30.0	11.0	35.0
52.0	30.0	12.0	34.0
53.0	30.0	12.0	35.0
54.0	30.0	12.0	34.0
55.0	30.0	11.0	35.0
56.0	30.0	12.0	35.0
58.0	30.0	11.0	36.0
58.0	30.0	12.0	36.0
59.0	30.0	12.0	36.0
60.0	31.0	11.0	36.0
61.0	30.0	11.0	37.0
62.0	30.0	12.0	37.0
62.0	30.0	13.0	37.0
63.0	31.0	11.0	36.0
64.0	30.0	12.0	38.0
65.0	31.0	12.0	36.0
66.0	31.0	13.0	36.0
67.0	30.0	13.0	36.0
69.0	31.0	12.0	36.0
70.0	32.0	12.0	36.0
71.0	30.0	13.0	39.0
72.0	32.0	13.0	38.0
73.0	32.0	13.0	37.0
73.0	31.0	14.0	39.0
73.0	34.0	12.0	34.0
75.1150131225586	35.77914047241211	12.209406852722168	34.59331512451172
77.89627838134766	36.994728088378906	12.28508472442627	34.807735443115234
77.59815979003906	35.203651428222656	12.24944019317627	34.70674514770508
77.85743713378906	36.133453369140625	12.228307723999023	34.64686965942383
78.1792984008789	34.47431564331055	12.365350723266602	35.03515625
78.36286163330078	31.643688201904297	12.51724624633789	35.46552658081055
80.05842590332031	33.10235595703125	12.559320449829102	35.58473587036133
82.76194763183594	37.18936538696289	12.27181339263916	34.7701301574707
83.0	39.0	13.0	31.0
83.0981674194336	40.36935806274414	13.229220390319824	31.54660415649414
83.66458129882812	38.48859786987305	13.30652904510498	31.73095703125
86.0	35.0	12.0	35.0
87.8310546875	34.934608459472656	12.142508506774902	35.4156494140625
88.61851501464844	35.847599029541016	11.831672668457031	34.5090446472168
89.45480346679688	36.87043380737305	11.67712116241455	34.058265686035156
91.0	39.0	12.0	33.0
91.0	40.0	13.0	32.0
92.0	38.0	12.0	34.0
93.7431640625	37.87659454345703	12.01097583770752	34.031097412109375
94.24893951416016	38.901275634765625	12.205866813659668	34.583290100097656
94.0	32.0	14.0	40.0
95.25825500488281	32.58629608154297	13.850641250610352	39.57326126098633
96.24049377441406	33.95781707763672	13.8264799118042	39.50422668457031
97.55474853515625	34.72449493408203	13.735499382019043	39.244285583496094
98.59098815917969	33.652652740478516	13.814676284790039	39.47050476074219
99.0	38.0	14.0	35.0
101.75506591796875	39.2773323059082	13.740692138671875	34.35172653198242
103.58121490478516	38.98372268676758	13.647188186645508	34.11796569824219
104.57646179199219	41.047607421875	13.999395370483398	34.99848175048828
104.16365051269531	41.62172317504883	14.213038444519043	35.532588958740234
103.96183013916016	37.90874099731445	14.511012077331543	36.277523040771484
104.16971588134766	37.25370788574219	14.872052192687988	37.18012237548828
104.86090087890625	38.0511589050293	14.864377975463867	37.16093826293945
108.221923828125	40.34668731689453	14.969015121459961	37.42253112792969
108.2262954711914	38.84716796875	15.116907119750977	37.792259216308594
109.21995544433594	37.7602424621582	15.20569896697998	38.01424026489258
109.7663345336914	36.614501953125	15.084759712219238	37.711891174316406
111.08534240722656	36.97224807739258	15.272476196289062	38.18117904663086
113.87461853027344	39.18109130859375	14.959332466125488	37.398319244384766
115.12579345703125	38.292911529541016	14.80738639831543	37.018455505371094
117.61915588378906	38.1842155456543	14.920473098754883	37.301170349121094
119.93882751464844	36.81684112548828	14.719858169555664	36.79962921142578
120.35252380371094	37.61334228515625	14.559802055358887	36.39949035644531
120.22288513183594	39.04827880859375	14.734588623046875	36.83645248413086
121.76436614990234	35.7374267578125	14.832307815551758	37.080753326416016
121.92460632324219	34.49458694458008	14.925702095031738	37.314239501953125
122.6659164428711	34.95170974731445	15.195630073547363	37.98905944824219
124.8555679321289	35.93458938598633	15.025286674499512	37.563201904296875
125.0137710571289	36.75774002075195	15.18181037902832	37.95450973510742
126.09039306640625	37.05718231201172	15.130056381225586	37.82512283325195
126.81927490234375	37.66157150268555	15.095878601074219	37.73967742919922
126.92762756347656	38.27679443359375	14.940267562866211	37.350650787353516
127.5151596069336	36.32219696044922	14.913546562194824	37.283851623535156
130.07070922851562	35.3898811340332	15.15752124786377	37.8937873840332
131.40695190429688	35.48969268798828	14.937116622924805	37.34278106689453
134.0547637939453	36.604820251464844	14.9401273727417	37.350311279296875
134.828369140625	35.50769805908203	14.754701614379883	36.886741638183594
136.27256774902344	36.62931823730469	14.696276664733887	36.740684509277344
137.99745178222656	38.190147399902344	14.886921882629395	37.2172966003418
138.0693359375	37.91706085205078	14.832550048828125	37.08136749267578
139.01312255859375	36.48897171020508	15.011322021484375	37.528297424316406
139.9461669921875	36.02207565307617	15.029264450073242	37.573158264160156
140.04837036132812	37.7202262878418	15.282320976257324	38.20580291748047
141.93081665039062	39.20257568359375	15.163185119628906	37.90796661376953
142.0	38.0	13.0	40.0
145.2031707763672	39.650550842285156	12.912607192993164	39.73109817504883
146.69876098632812	41.71407699584961	12.880508422851562	39.63233184814453
147.8881378173828	40.68326187133789	12.788069725036621	39.34790802001953
149.52005004882812	39.16456985473633	12.769270896911621	39.290061950683594
150.05494689941406	38.73938751220703	12.921178817749023	39.757476806640625
150.74037170410156	36.29106903076172	12.945383071899414	39.83195114135742
150.79978942871094	37.09449005126953	12.911616325378418	39.72805404663086
154.0	40.0	13.0	38.0
154.0	40.0	13.0	37.0
155.0	40.0	13.0	39.0
157.0	41.0	13.0	38.0
157.0	41.0	13.0	37.0
158.0	41.0	14.0	37.0
159.1000213623047	41.9693717956543	13.999618530273438	36.998992919921875
160.20077514648438	43.20859909057617	14.06775188446045	37.17906188964844
162.14456176757812	41.27611541748047	14.014592170715332	37.03856658935547
162.7586669921875	41.60713195800781	14.219259262084961	37.579471588134766
163.33741760253906	41.64635467529297	14.261919021606445	37.69221496582031
168.0	41.0	12.0	38.0
167.0	39.0	14.0	41.0
168.8301544189453	42.64411926269531	13.978365898132324	40.93663787841797
168.64675903320312	40.929656982421875	13.946635246276855	40.843711853027344
170.0	39.0	14.0	42.0
170.0	38.0	14.0	41.0
171.0	38.0	16.0	42.0
170.899169921875	41.875022888183594	16.150714874267578	42.39562225341797
171.10336303710938	42.32515335083008	16.132091522216797	42.34673309326172
172.57603454589844	38.45917510986328	16.309043884277344	42.81122589111328
173.16177368164062	38.27495193481445	16.213970184326172	42.5616569519043
175.64500427246094	42.15206527709961	16.266132354736328	42.698577880859375
179.0008087158203	52.813194274902344	16.177616119384766	42.466224670410156
184.94766235351562	69.62800598144531	16.197582244873047	42.518638610839844
187.6508026123047	86.18132781982422	16.253002166748047	42.66411590576172
187.21377563476562	82.82064056396484	16.621627807617188	43.63175582885742
186.69122314453125	82.81904602050781	16.692432403564453	43.8176155090332
186.61061096191406	82.37657928466797	16.745849609375	43.95783233642578
187.41085815429688	82.2025146484375	16.82821273803711	44.174034118652344
187.08619689941406	83.15318298339844	16.68692398071289	43.80314254760742
186.48361206054688	80.9089584350586	17.162120819091797	45.050533294677734
186.9437255859375	82.03550720214844	17.06797218322754	44.80339050292969
186.64776611328125	83.14458465576172	17.334617614746094	45.50333786010742
187.23565673828125	80.54023742675781	17.209728240966797	45.175506591796875
186.63992309570312	81.03434753417969	17.316959381103516	45.45698928833008
187.69223022460938	82.81590270996094	17.40372085571289	45.68473815917969
186.69845581054688	81.4410171508789	17.365394592285156	45.584136962890625
185.8599090576172	80.0506362915039	17.300823211669922	45.414642333984375
187.3477020263672	82.24574279785156	17.030803680419922	44.705848693847656
186.9971923828125	79.40473937988281	17.499263763427734	45.935550689697266
186.81015014648438	80.18927001953125	17.50101089477539	45.94013214111328
187.3712158203125	79.4510498046875	17.297014236450195	45.404640197753906
187.13955688476562	80.2810287475586	17.518352508544922	45.98565673828125
187.109375	79.97427368164062	17.85959815979004	46.88142776489258
186.9020538330078	78.3731918334961	17.908370971679688	47.00945281982422
186.7688446044922	79.44096374511719	18.0288143157959	47.325618743896484
186.77783203125	79.32804107666016	17.98151206970215	47.201454162597656
187.08554077148438	79.49012756347656	18.321514129638672	48.09395980834961
186.7799835205078	78.05396270751953	18.413089752197266	48.33434295654297
187.54891967773438	77.58773040771484	18.732952117919922	49.173988342285156
187.1377716064453	78.84916687011719	18.472423553466797	48.49010467529297
186.42788696289062	76.88961029052734	18.482990264892578	48.51784133911133
185.90008544921875	79.24775695800781	18.473674774169922	48.493385314941406
186.15786743164062	78.99885559082031	18.725971221923828	49.15565872192383
186.572021484375	77.29291534423828	18.682546615600586	49.04166793823242
187.45303344726562	78.2605972290039	18.992218017578125	49.85455322265625
186.5930633544922	77.71993255615234	18.841449737548828	49.45878601074219
186.03903198242188	76.7903823852539	19.134197235107422	50.22724533081055
186.06405639648438	76.7103500366211	19.333837509155273	50.75129699707031
186.71478271484375	76.63636779785156	19.179962158203125	50.347373962402344
185.43307495117188	78.35446166992188	19.154510498046875	50.28056716918945
185.655517578125	77.41777038574219	19.22511863708496	50.46591567993164
186.06735229492188	76.7057113647461	19.215457916259766	50.4405517578125
185.77735900878906	78.20977783203125	19.354713439941406	50.806095123291016
185.29147338867188	76.02863311767578	19.485519409179688	51.14945602416992
186.67800903320312	77.62123107910156	19.568941116333008	51.368438720703125
186.30401611328125	76.78981018066406	19.515003204345703	51.22684860229492
186.2215118408203	76.48280334472656	19.67803382873535	51.6547966003418
186.27029418945312	75.62013244628906	19.280229568481445	50.610557556152344
186.21466064453125	75.62379455566406	19.210094451904297	50.42645263671875
186.75424194335938	76.01890563964844	19.340167999267578	50.76789855957031
186.89138793945312	76.9190902709961	19.235841751098633	50.494041442871094
186.0624237060547	77.09689331054688	19.17654800415039	50.33839797973633
186.23458862304688	77.29713439941406	18.913089752197266	49.646820068359375
186.51004028320312	75.1370620727539	19.155595779418945	50.28339385986328
186.8631591796875	76.9983139038086	19.354122161865234	50.804527282714844
186.52064514160156	76.89256286621094	18.998580932617188	49.87123489379883
187.23098754882812	75.9442138671875	19.369539260864258	50.84499740600586
186.70944213867188	76.8733901977539	19.590396881103516	51.42474365234375
186.304443359375	74.17869567871094	19.590259552001953	51.42438507080078
186.3459930419922	77.01646423339844	19.333023071289062	50.749141693115234
186.37960815429688	75.38316345214844	19.47467803955078	51.12098693847656
186.3613739013672	75.89537811279297	19.56537437438965	51.35906982421875
186.8941192626953	75.64082336425781	19.44363021850586	51.039493560791016
186.33224487304688	75.74320983886719	19.614763259887695	51.48871612548828
186.73226928710938	73.88078308105469	19.905941009521484	52.25305938720703
186.3818817138672	74.28288269042969	20.123323440551758	52.82368850708008
186.52749633789062	75.07388305664062	20.080007553100586	52.709991455078125
186.91151428222656	75.52510070800781	20.189294815063477	52.99686813354492
186.66458129882812	75.05113220214844	20.07277488708496	52.691009521484375
186.3710479736328	73.16780090332031	19.838693618774414	52.0765495300293
186.64498901367188	75.82208251953125	19.96506118774414	52.40826416015625
186.73092651367188	74.35505676269531	19.983182907104492	52.45582962036133
186.83734130859375	74.986572265625	19.78702163696289	51.9409065246582
186.76295471191406	76.4928970336914	19.62005043029785	51.50260543823242
186.88800048828125	76.46623229980469	19.76544761657715	51.88427734375
186.91134643554688	75.21040344238281	19.86246109008789	52.13893508911133
186.94784545898438	74.86698150634766	19.69203758239746	51.69157791137695
186.90245056152344	75.3787841796875	19.959400177001953	52.393409729003906
186.8432159423828	76.52100372314453	19.801063537597656	51.97777557373047
185.83978271484375	76.8570785522461	19.414199829101562	50.962257385253906
187.29705810546875	74.79895782470703	19.63074493408203	51.53068161010742
187.45484924316406	76.81071472167969	19.72122573852539	51.7681884765625
187.87948608398438	75.8909683227539	19.943599700927734	52.35192108154297
186.41136169433594	75.3540267944336	19.758331298828125	51.8655891418457
186.68264770507812	74.89047241210938	19.63833999633789	51.55060958862305
187.6791534423828	77.24922180175781	19.283803939819336	50.619956970214844
186.94854736328125	75.37130737304688	19.421232223510742	50.98070526123047
187.75167846679688	77.34651184082031	19.62679672241211	51.52031326293945
187.43557739257812	76.9311752319336	19.126569747924805	50.20721435546875
186.99317932128906	77.48760223388672	19.50923728942871	51.21171951293945
187.2726593017578	76.96675109863281	19.321613311767578	50.71920394897461
187.1396026611328	74.89634704589844	19.27934455871582	50.608245849609375
186.40847778320312	75.4729232788086	19.6663875579834	51.624229431152344
187.1998748779297	75.65338134765625	19.879074096679688	52.182525634765625
186.88809204101562	75.40238189697266	19.915151596069336	52.27722930908203
186.64608764648438	74.29188537597656	20.30743980407715	53.30698776245117
187.1916046142578	74.68327331542969	20.259471893310547	53.18107223510742
186.85614013671875	73.11503601074219	20.36366844177246	53.45458984375
187.11666870117188	73.6081314086914	20.663515090942383	54.2416877746582
186.55056762695312	74.99083709716797	20.604692459106445	54.08727264404297
187.239501953125	75.71983337402344	20.17654037475586	52.96337890625
186.9423065185547	74.51055908203125	20.11435890197754	52.800148010253906
186.75807189941406	73.42691040039062	20.3128719329834	53.32123947143555
186.73312377929688	72.83619689941406	20.304183959960938	53.298439025878906
186.9259796142578	74.76924133300781	20.53423500061035	53.90232467651367
187.33815002441406	73.92884826660156	20.377187728881836	53.490074157714844
186.9016876220703	75.57862854003906	20.168807983398438	52.943077087402344
186.8162841796875	74.66651916503906	20.333410263061523	53.375160217285156
185.95578002929688	72.96463775634766	20.360658645629883	53.446685791015625
187.48802185058594	73.79317474365234	20.545949935913086	53.933074951171875
186.21536254882812	74.82188415527344	20.48087501525879	53.76225662231445
187.7854766845703	74.03548431396484	20.527114868164062	53.883628845214844
186.97531127929688	73.8941879272461	20.721662521362305	54.394317626953125
186.9024658203125	74.62848663330078	20.69862937927246	54.33385467529297
187.3075714111328	74.66161346435547	20.936504364013672	54.958274841308594
186.51585388183594	73.2271499633789	21.20673370361328	55.667625427246094
186.68048095703125	73.225341796875	21.049625396728516	55.255210876464844
186.4818115234375	73.26582336425781	21.18840217590332	55.6194953918457
186.43101501464844	73.05529022216797	21.512161254882812	56.46936798095703
186.0843963623047	74.04582214355469	21.61477279663086	56.73872756958008
186.5949249267578	73.88048553466797	21.21556282043457	55.69080352783203
186.39456176757812	74.33219909667969	20.917251586914062	54.907737731933594
186.90171813964844	72.96326446533203	21.257434844970703	55.80072021484375
186.64208984375	72.92770385742188	21.278779983520508	55.85675048828125
186.34837341308594	73.0835189819336	21.508285522460938	56.459197998046875
186.653564453125	72.76167297363281	21.331520080566406	55.99518966674805
186.96005249023438	74.65245819091797	21.47869300842285	56.38151931762695
186.20248413085938	72.58527374267578	21.077880859375	55.32938766479492
186.12234497070312	72.68617248535156	20.84989356994629	54.730918884277344
186.74525451660156	73.62287902832031	20.766416549682617	54.51179122924805
186.2408905029297	74.21049499511719	20.899150848388672	54.86022186279297
186.78189086914062	74.4693374633789	21.19492530822754	55.636627197265625
186.7999725341797	70.9084243774414	21.156917572021484	55.5368537902832
187.0749053955078	74.43460083007812	21.239442825317383	55.75347900390625
187.2709503173828	72.92805480957031	20.851158142089844	54.734230041503906
187.75296020507812	74.55348205566406	21.004985809326172	55.138031005859375
187.18209838867188	73.92521667480469	20.975170135498047	55.05976486206055
186.65939331054688	72.72869873046875	21.126720428466797	55.45758819580078
187.20516967773438	74.93028259277344	20.86600112915039	54.773193359375
186.8234100341797	75.25529479980469	20.764820098876953	54.507591247558594
187.46743774414062	72.75640869140625	21.071975708007812	55.313865661621094
187.6912384033203	74.21400451660156	21.321035385131836	55.9676513671875
186.73155212402344	72.62311553955078	21.438404083251953	56.27574920654297
187.62144470214844	72.48291015625	21.5629825592041	56.60276412963867
186.47134399414062	72.91307067871094	21.70550537109375	56.976890563964844
186.69053649902344	72.36024475097656	21.44362449645996	56.289451599121094
187.07008361816406	74.76454162597656	20.967235565185547	55.03893280029297
186.5546875	72.99392700195312	21.252058029174805	55.786590576171875
186.8889923095703	72.90419006347656	21.01618003845215	55.16741180419922
187.58082580566406	74.88972473144531	21.018081665039062	55.172401428222656
187.73696899414062	73.19535827636719	20.822223663330078	54.65827560424805
187.55320739746094	72.60011291503906	20.981721878051758	55.07695770263672
187.89540100097656	73.14891052246094	20.796167373657227	54.589874267578125
187.91799926757812	73.9225082397461	20.80915069580078	54.62395477294922
186.7125244140625	74.60729217529297	20.98203468322754	55.07777786254883
187.10597229003906	73.55934143066406	20.68038558959961	54.28594970703125
187.80162048339844	74.27685546875	20.676795959472656	54.276527404785156
187.20498657226562	73.96571350097656	20.775875091552734	54.5366096496582
186.97789001464844	72.01313018798828	21.199325561523438	55.648162841796875
187.65719604492188	72.46075439453125	21.398609161376953	56.1712760925293
186.80270385742188	74.55189514160156	21.538820266723633	56.539329528808594
187.19400024414062	73.18785095214844	21.350927352905273	56.046112060546875
187.14474487304688	73.26441955566406	21.32632064819336	55.98152542114258
187.09518432617188	73.52698516845703	21.33232307434082	55.997276306152344
186.82460021972656	74.61773681640625	20.873790740966797	54.79363250732422
187.3831787109375	71.94458770751953	21.356149673461914	56.0598258972168
186.28482055664062	73.73145294189453	21.3038330078125	55.92249298095703
186.63827514648438	71.80010986328125	21.483444213867188	56.39397048950195
187.65371704101562	72.71174621582031	21.41757583618164	56.22106170654297
187.46591186523438	73.0400161743164	21.4862117767334	56.4012336730957
186.41053771972656	71.96512603759766	21.7053165435791	56.97637176513672
186.5319366455078	72.23883819580078	21.781085968017578	57.175270080566406
187.11468505859375	73.35148620605469	21.6104793548584	56.7274284362793
185.61331176757812	73.17350769042969	21.583345413208008	56.65620040893555
186.42074584960938	71.252197265625	21.919879913330078	57.53960037231445
186.02169799804688	72.27054595947266	21.7296142578125	57.04015350341797
186.73463439941406	71.50431823730469	22.117427825927734	58.05817413330078
186.4795684814453	71.3465576171875	22.165369033813477	58.18401336669922
186.2344970703125	72.3268051147461	21.614425659179688	56.73778533935547
187.1339569091797	72.34943389892578	21.44910430908203	56.3038215637207
186.7198944091797	73.10787963867188	21.64415168762207	56.815818786621094
186.6900634765625	71.310546875	21.529260635375977	56.51423263549805
186.0269775390625	71.91835021972656	21.805767059326172	57.24006271362305
187.30349731445312	71.320068359375	21.795303344726562	57.21259689331055
186.63735961914062	71.78083801269531	21.699594497680664	56.96135711669922
186.88417053222656	71.14778137207031	21.542444229125977	56.54883575439453
186.7872314453125	72.75464630126953	21.21111297607422	55.6790885925293
187.0689239501953	73.2459945678711	21.10869026184082	55.41022872924805
187.3771209716797	72.84024810791016	21.101953506469727	55.392539978027344
186.85989379882812	72.28324127197266	21.21341896057129	55.68513870239258
187.04635620117188	72.6234130859375	20.92756462097168	54.934776306152344
186.37936401367188	74.09150695800781	20.68075180053711	54.286895751953125
187.29258728027344	74.46182250976562	20.802165985107422	54.60560989379883
186.3846435546875	73.6007308959961	21.121206283569336	55.443092346191406
187.05264282226562	74.13030242919922	20.57317543029785	54.00450897216797
187.2994384765625	73.15777587890625	20.51190185546875	53.84366989135742
186.4762420654297	74.68212890625	20.553308486938477	53.952362060546875
187.20066833496094	74.6325454711914	20.42539405822754	53.6165885925293
187.8235626220703	75.12815856933594	20.697111129760742	54.3298454284668
187.51235961914062	73.8280258178711	20.581005096435547	54.02506637573242
187.61093139648438	74.49635314941406	20.731557846069336	54.42026901245117
185.91207885742188	74.3499984741211	20.831451416015625	54.68248748779297
187.18865966796875	72.94723510742188	20.9168701171875	54.906707763671875
186.9266357421875	73.1099853515625	20.760971069335938	54.497474670410156
186.36572265625	73.40691375732422	20.72249412536621	54.3964729309082
187.69711303710938	73.97087097167969	20.737459182739258	54.435752868652344
187.80050659179688	74.28300476074219	20.72197151184082	54.39509963989258
187.1332550048828	73.03812408447266	20.73101043701172	54.41883087158203
187.4700164794922	73.56361389160156	20.871742248535156	54.78824996948242
186.66639709472656	72.32906341552734	21.12824821472168	55.461570739746094
186.39389038085938	73.24000549316406	21.42937660217285	56.25202560424805
186.4100341796875	73.17647552490234	21.596912384033203	56.691810607910156
187.30099487304688	72.27134704589844	21.7327823638916	57.04846954345703
186.76390075683594	71.778076171875	21.984134674072266	57.7082633972168
187.18014526367188	72.33434295654297	21.98263931274414	57.70433807373047
187.118408203125	72.42542266845703	21.76445960998535	57.131614685058594
187.45156860351562	72.83091735839844	21.747316360473633	57.08661651611328
187.0126953125	72.23776245117188	21.470233917236328	56.359275817871094
187.4264678955078	73.47515869140625	21.575361251831055	56.635231018066406
186.303466796875	72.61036682128906	21.763822555541992	57.12994384765625
186.44154357910156	72.5317611694336	22.034231185913086	57.83977127075195
188.01632690429688	72.38611602783203	21.573627471923828	56.63068771362305
187.2421112060547	74.32078552246094	21.459758758544922	56.331787109375
204.0	90.0	18.0	46.0
187.02938842773438	76.9676513671875	18.36372947692871	46.929527282714844
187.5439453125	76.8088607788086	18.55899429321289	47.42854309082031
187.7987060546875	75.37641906738281	18.83003044128418	48.121192932128906
186.69906616210938	77.73616027832031	18.696990966796875	47.78120040893555
185.30230712890625	75.81900024414062	19.014236450195312	48.591941833496094
187.1790008544922	77.04983520507812	19.137928009033203	48.908042907714844
186.69837951660156	77.47941589355469	19.397008895874023	49.57014083862305
185.16929626464844	76.27259063720703	19.465349197387695	49.74478530883789
185.49642944335938	76.95167541503906	19.34988021850586	49.4496955871582
185.83868408203125	76.07533264160156	19.492145538330078	49.813255310058594
184.89443969726562	75.62390899658203	19.530136108398438	49.91033935546875
184.9734344482422	76.70787811279297	19.408315658569336	49.599021911621094
184.8386688232422	76.0191650390625	19.526416778564453	49.900840759277344
184.4765167236328	76.2442855834961	19.187705993652344	49.035247802734375
184.7635040283203	76.23545837402344	19.496315002441406	49.823917388916016
185.20664978027344	75.44218444824219	19.738248825073242	50.442195892333984
185.46572875976562	76.03825378417969	19.57866096496582	50.034358978271484
185.10227966308594	74.42442321777344	19.43318748474121	49.662593841552734
184.92237854003906	76.4881820678711	19.581317901611328	50.0411491394043
185.2164306640625	76.49640655517578	19.855703353881836	50.74235916137695
150.0	40.0	12.0	37.0
149.6504364013672	38.76934051513672	11.921856880187988	36.759056091308594
148.88560485839844	42.433570861816406	12.037117958068848	37.114444732666016
148.70425415039062	40.16333770751953	11.930364608764648	36.7852897644043
147.0963592529297	39.39089584350586	11.864814758300781	36.58317565917969
146.10888671875	40.350730895996094	11.852777481079102	36.546058654785156
144.2008514404297	40.63275909423828	12.06240177154541	37.19240188598633
143.0	40.0	12.0	39.0
143.0	39.0	12.0	38.0
141.0	43.0	14.0	35.0
140.0	41.0	13.0	35.0
139.03199768066406	40.319679260253906	12.92567253112793	34.799888610839844
138.15501403808594	39.44189453125	13.107702255249023	35.28996658325195
136.4891357421875	39.155906677246094	12.918771743774414	34.781307220458984
135.75025939941406	40.1400260925293	12.949427604675293	34.86383819580078
135.35836791992188	36.41944885253906	12.894552230834961	34.716094970703125
133.0	40.0	12.0	34.0
132.0	42.0	10.0	33.0
131.6088104248047	45.29844284057617	10.014910697937012	32.80600357055664
130.0	41.0	11.0	32.0
129.6219024658203	40.205055236816406	10.901033401489258	31.71209716796875
129.18077087402344	41.43315887451172	10.838788986206055	31.531024932861328
128.6806640625	40.58849334716797	10.871355056762695	31.625762939453125
127.0256118774414	42.481414794921875	10.847114562988281	31.555246353149414
125.62813568115234	44.28978729248047	10.838889122009277	31.53131675720215
124.52696228027344	41.29477310180664	10.903238296508789	31.7185115814209
123.67784118652344	41.01252365112305	10.910813331604004	31.740549087524414
122.8310317993164	40.56980514526367	11.03274154663086	32.095252990722656
121.29121398925781	39.92604064941406	11.055586814880371	32.16170883178711
119.99385070800781	41.996795654296875	11.082096099853516	32.23882293701172
117.4352035522461	41.645118713378906	11.092398643493652	32.268795013427734
117.2651138305664	41.5558967590332	11.039769172668457	32.115692138671875
116.00555419921875	41.49897003173828	11.182016372680664	32.529502868652344
115.60975646972656	43.269371032714844	11.184415817260742	32.53647994995117
111.0	38.0	14.0	37.0
111.63151550292969	35.190406799316406	13.805887222290039	36.48698806762695
111.30180358886719	37.79863739013672	13.737594604492188	36.30649948120117
110.28221130371094	38.18243408203125	13.734275817871094	36.297725677490234
109.48052978515625	37.33173370361328	13.96624755859375	36.91079330444336
107.56266784667969	39.962249755859375	13.997947692871094	36.994571685791016
106.61656188964844	38.58513641357422	13.861099243164062	36.63290023803711
105.51434326171875	38.992191314697266	13.718366622924805	36.25568389892578
105.1597900390625	40.354400634765625	13.555706977844238	35.82579803466797
104.30885314941406	42.55180740356445	13.428544998168945	35.489723205566406
103.34566497802734	40.381622314453125	13.621315002441406	35.99918746948242
101.52498626708984	37.677818298339844	13.438013076782227	35.514747619628906
99.73587799072266	37.83312225341797	13.262127876281738	35.04990768432617
99.14595794677734	36.70131301879883	13.205377578735352	34.899925231933594
97.9250717163086	36.679229736328125	13.415431022644043	35.4550666809082
97.43208312988281	36.668304443359375	13.428276062011719	35.489013671875
96.78071594238281	36.622398376464844	13.637006759643555	36.04065704345703
94.40986633300781	36.57676696777344	13.65026569366455	36.0756950378418
94.0	39.0	12.0	33.0
93.0	36.0	13.0	36.0
92.0	33.0	14.0	41.0
90.19776916503906	32.59008026123047	14.078115463256836	41.228763580322266
89.232666015625	34.41987228393555	13.9096097946167	40.73528289794922
88.59823608398438	32.88719940185547	13.75163459777832	40.272640228271484
86.63621520996094	33.087066650390625	13.537481307983398	39.645477294921875
85.35579681396484	33.945289611816406	13.654287338256836	39.98755645751953
85.26641845703125	34.62010955810547	13.708517074584961	40.1463737487793
85.0	32.0	13.0	39.0
84.0	39.0	12.0	32.0
83.0	40.0	12.0	30.0
82.62569427490234	40.841575622558594	12.122123718261719	30.305309295654297
80.98619842529297	43.14397048950195	12.133264541625977	30.333160400390625
78.60565185546875	44.086883544921875	12.013427734375	30.0335693359375
77.7782974243164	43.574459075927734	11.951388359069824	29.87847328186035
78.18144226074219	41.33980941772461	11.967386245727539	29.918468475341797
77.46522521972656	41.65058135986328	11.992914199829102	29.982290267944336
77.5074691772461	41.81312942504883	11.864679336547852	29.661701202392578
76.0	36.0	13.0	32.0
75.39179229736328	34.4863395690918	13.034271240234375	32.08435821533203
73.0	34.0	13.0	37.0
71.0	34.0	13.0	35.0
71.0	32.0	13.0	37.0
69.0	32.0	12.0	35.0
68.0	32.0	12.0	35.0
67.0	33.0	12.0	35.0
66.0	33.0	12.0	34.0
67.0	33.0	11.0	34.0
65.0	33.0	12.0	35.0
65.0	33.0	11.0	35.0
64.0	31.0	12.0	37.0
64.0	31.0	11.0	36.0
63.0	32.0	11.0	36.0
61.0	31.0	13.0	36.0
60.0	32.0	13.0	35.0
59.0	31.0	13.0	36.0
58.0	31.0	12.0	35.0
57.0	30.0	12.0	36.0
57.0	30.0	11.0	36.0
56.0	30.0	12.0	36.0
55.0	30.0	11.0	35.0
54.0	31.0	11.0	34.0
53.0	31.0	11.0	34.0
53.0	29.0	11.0	36.0
51.0	29.0	11.0	35.0
51.03606414794922	28.878881454467773	10.926008224487305	34.76456832885742
49.0	31.0	11.0	33.0
47.0	30.0	12.0	34.0
47.0	30.0	12.0	35.0
46.0	31.0	13.0	33.0
45.0	29.0	13.0	36.0
45.0	28.0	12.0	36.0
44.0	31.0	12.0	33.0
43.0	30.0	12.0	33.0
44.0	31.0	9.0	29.0
42.0	29.0	11.0	34.0
40.0	33.0	11.0	30.0
39.707603454589844	34.36772918701172	11.025627136230469	30.06989097595215
37.0	27.0	12.0	36.0
39.041812896728516	28.188243865966797	11.877967834472656	35.6338996887207
36.0	27.0	11.0	34.0
34.0	26.0	13.0	35.0
34.0	26.0	13.0	35.0
35.087364196777344	27.551132202148438	13.024129867553711	35.064964294433594
32.0	28.0	12.0	33.0
31.0	27.0	13.0	33.0
32.0	27.0	12.0	33.0
32.0	27.0	12.0	34.0
32.0	28.0	11.0	33.0
32.0	27.0	11.0	34.0
31.0	28.0	11.0	33.0
30.0	29.0	11.0	31.0
30.0	26.0	11.0	35.0
29.0	27.0	12.0	34.0
28.0	26.0	12.0	34.0
27.0	25.0	12.0	36.0
25.0	28.0	13.0	33.0
25.0	27.0	13.0	32.0
24.0	26.0	13.0	34.0
24.0	25.0	13.0	34.0
23.55414390563965	27.912006378173828	13.083990097045898	34.21966552734375
23.0	31.0	12.0	28.0
23.0	33.0	11.0	26.0
21.965669631958008	35.54456329345703	10.846565246582031	25.6373348236084
22.00066375732422	35.256996154785156	10.861778259277344	25.673290252685547
21.636537551879883	33.92101287841797	10.777029037475586	25.472972869873047
21.631404876708984	34.242530822753906	10.66456127166748	25.207141876220703
21.659326553344727	34.180625915527344	10.598075866699219	25.04999542236328
21.331369400024414	33.71075439453125	10.567022323608398	24.97659683227539
21.845474243164062	33.79447937011719	10.278154373168945	24.2938175201416
21.494304656982422	36.22772979736328	10.151775360107422	23.863128662109375
20.0	31.0	11.0	31.0
22.0	36.0	10.0	24.0
22.33804702758789	35.36461639404297	10.076007843017578	24.11123275756836
22.407690048217773	35.283668518066406	10.210623741149902	24.056310653686523
22.7333984375	36.09943389892578	10.139942169189453	23.869430541992188
23.983478546142578	36.26996612548828	10.140071868896484	23.662647247314453
23.395780563354492	37.257083892822266	10.0358304977417	23.2648983001709
24.074922561645508	37.664825439453125	10.042107582092285	22.995800018310547
24.46504020690918	37.77155685424805	10.0	22.40395164489746
23.990930557250977	38.714088439941406	10.04021167755127	22.128894805908203
14.54839038848877	44.43991470336914	13.721149444580078	26.098777770996094
24.0	27.0	14.0	32.0
26.0	26.0	12.0	35.0
26.0	25.0	12.0	35.0
27.0	25.0	13.0	35.0
29.0	27.0	11.0	33.0
29.0	29.0	10.0	29.0
29.0	28.0	11.0	31.0
29.0	27.0	11.0	33.0
30.0	27.0	11.0	33.0
31.0	27.0	10.0	33.0
31.0	27.0	11.0	34.0
32.0	27.0	11.0	33.0
32.0	28.0	11.0	32.0
32.0	27.0	11.0	33.0
33.0	28.0	11.0	32.0
34.0	27.0	11.0	34.0
35.0	28.0	11.0	33.0
36.0	28.0	12.0	33.0
38.0	29.0	10.0	32.0
39.0	29.0	10.0	32.0
40.0	28.0	10.0	33.0
40.0	29.0	10.0	33.0
40.0	29.0	11.0	33.0
41.0	29.0	11.0	34.0
43.0	30.0	10.0	33.0
43.0	30.0	11.0	33.0
44.0	30.0	11.0	33.0
45.0	30.0	11.0	33.0
45.0	29.0	11.0	33.0
46.0	28.0	12.0	35.0
47.0	28.0	12.0	36.0
47.0	28.0	12.0	36.0
49.0	34.0	10.0	31.0
50.0	31.0	10.0	32.0
50.76295852661133	30.818649291992188	10.023874282836914	31.497350692749023
51.497589111328125	30.642269134521484	10.180658340454102	31.76188087463379
52.0	29.0	11.0	36.0
53.0	30.0	11.0	35.0
53.0	29.0	12.0	36.0
54.0	29.0	12.0	37.0
55.0	29.0	13.0	37.0
56.0	30.0	12.0	35.0
57.0	29.0	13.0	37.0
59.0	30.0	11.0	36.0
59.0	30.0	12.0	36.0
61.0	31.0	11.0	36.0
63.0	31.0	11.0	35.0
64.0	32.0	12.0	35.0
64.0	32.0	12.0	35.0
65.0	33.0	12.0	35.0
65.0	32.0	13.0	37.0
66.0	33.0	13.0	36.0
67.0	33.0	12.0	35.0
67.0	33.0	12.0	35.0
69.0	32.0	12.0	36.0
70.0	32.0	12.0	35.0
72.0	31.0	12.0	37.0
73.0	31.0	13.0	40.0
72.61773681640625	30.389490127563477	12.998913764953613	39.99665451049805
74.38935852050781	32.222320556640625	12.78607177734375	39.34175491333008
75.37397766113281	33.59660720825195	12.692097663879395	39.05260467529297
75.89202880859375	33.49795150756836	12.712444305419922	39.115211486816406
76.88971710205078	31.971710205078125	12.739636421203613	39.198875427246094
77.32482147216797	32.30609893798828	12.836703300476074	39.49753952026367
77.49693298339844	31.859045028686523	12.825464248657227	39.462955474853516
77.88880920410156	32.539493560791016	13.00317668914795	40.009765625
79.23344421386719	34.173126220703125	12.935037612915039	39.800106048583984
80.614013671875	34.6900520324707	13.007904052734375	40.02431106567383
83.0	37.0	12.0	34.0
83.26356506347656	37.59855270385742	11.970846176147461	33.917396545410156
84.2169189453125	39.61003112792969	11.811269760131836	33.46526336669922
85.78955841064453	35.763893127441406	11.753754615783691	33.302303314208984
87.35820007324219	37.076473236083984	11.633757591247559	32.962310791015625
87.94771575927734	38.75132751464844	11.639009475708008	32.97719192504883
88.32987213134766	37.45119094848633	11.671963691711426	33.07056427001953
91.0	38.0	12.0	34.0
91.0	41.0	13.0	32.0
91.18840026855469	38.37761688232422	12.993612289428711	31.984277725219727
93.00450134277344	40.38213348388672	12.883158683776855	31.712392807006836
93.78559875488281	40.577430725097656	12.89819049835205	31.749393463134766
95.54396057128906	39.859764099121094	12.861846923828125	31.659931182861328
97.07106018066406	40.775169372558594	12.876455307006836	31.695892333984375
97.2288818359375	40.25654602050781	12.942423820495605	31.8582763671875
98.7061767578125	37.270729064941406	12.915983200073242	31.793193817138672
99.17144775390625	37.8552131652832	12.865196228027344	31.668176651000977
100.91744232177734	39.69452667236328	12.935175895690918	31.84043312072754
103.08244323730469	45.669227600097656	12.841833114624023	31.610666275024414
103.0	43.0	13.0	32.0
104.1457290649414	41.0963249206543	13.207560539245605	32.51091766357422
103.83418273925781	41.60383987426758	13.510844230651855	33.25746536254883
104.46610260009766	43.90929412841797	13.270746231079102	32.66645431518555
104.4544677734375	44.57662582397461	13.392217636108398	32.96546173095703
106.2579116821289	43.779197692871094	13.440080642700195	33.083282470703125
108.19677734375	43.05234909057617	13.442988395690918	33.0904426574707
108.50975036621094	45.178131103515625	13.490214347839355	33.206687927246094
109.18009948730469	43.13401412963867	13.290702819824219	32.71558380126953
110.40055847167969	37.871463775634766	13.569270133972168	33.40128707885742
112.80850982666016	40.273582458496094	13.584866523742676	33.43967819213867
112.14432525634766	41.3964958190918	14.029202461242676	34.53342819213867
114.61613464355469	41.811710357666016	14.097920417785645	34.70258331298828
114.7559585571289	41.462181091308594	14.068527221679688	34.6302375793457
116.26556396484375	41.55634689331055	13.926080703735352	34.27960205078125
117.6133041381836	40.32472229003906	13.961642265319824	34.36713790893555
118.83866119384766	40.524658203125	13.898828506469727	34.21251678466797
119.25482177734375	39.65787887573242	13.981656074523926	34.41639709472656
120.31544494628906	39.31186294555664	14.053228378295898	34.59257888793945
120.0	40.0	14.0	35.0
120.6958236694336	39.9241828918457	14.310859680175781	35.77714920043945
121.03287506103516	41.012733459472656	14.022804260253906	35.05701446533203
122.8902359008789	40.55479049682617	14.15686321258545	35.39216232299805
122.65836334228516	38.79176330566406	14.43773078918457	36.094329833984375
122.67342376708984	39.74342727661133	14.468111991882324	36.17028045654297
123.02989196777344	36.9340934753418	14.697896003723145	36.7447395324707
123.4211196899414	38.95845413208008	14.78740406036377	36.968509674072266
123.45625305175781	38.20924758911133	14.8688383102417	37.172096252441406
124.01806640625	38.986305236816406	15.043218612670898	37.60804748535156
123.76478576660156	35.94359588623047	15.14112663269043	37.852821350097656
124.8388671875	37.28244400024414	15.276130676269531	38.190330505371094
125.431884765625	39.05889129638672	15.135968208312988	37.83992385864258
