303.0	123.0	18.0	20.0
303.0	124.0	18.0	19.0
303.0	124.0	18.0	19.0
303.0	124.0	18.0	19.0
303.0	124.0	18.0	19.0
303.0	124.0	18.0	19.0
303.0	123.0	18.0	20.0
302.0	124.0	19.0	19.0
302.0	123.0	19.0	20.0
303.0	124.0	18.0	19.0
302.0	123.0	19.0	20.0
303.0	124.0	18.0	19.0
303.0	124.0	18.0	18.0
303.0	123.0	18.0	20.0
303.0	124.0	18.0	19.0
302.0	123.0	19.0	20.0
302.0	123.0	19.0	20.0
303.0	124.0	18.0	18.0
302.0	124.0	19.0	19.0
303.0	124.0	18.0	19.0
303.0	124.0	18.0	19.0
302.0	124.0	19.0	19.0
302.0	124.0	19.0	19.0
303.0	124.0	18.0	19.0
303.0	125.0	18.0	18.0
303.0	124.0	18.0	19.0
303.0	124.0	18.0	19.0
303.0	124.0	18.0	19.0
303.0	124.0	18.0	19.0
303.0	124.0	18.0	19.0
303.0	124.0	18.0	19.0
303.0	124.0	18.0	18.0
303.0	124.0	18.0	19.0
303.0	124.0	18.0	18.0
303.0	124.0	18.0	19.0
303.0	124.0	18.0	19.0
303.0	124.0	18.0	19.0
302.0	123.0	19.0	20.0
303.0	124.0	18.0	19.0
303.0	124.0	18.0	19.0
303.0	123.0	18.0	20.0
303.0	124.0	18.0	19.0
303.0	123.0	18.0	20.0
303.0	124.0	18.0	19.0
303.0	124.0	18.0	19.0
303.0	124.0	18.0	19.0
303.0	124.0	18.0	18.0
302.0	124.0	19.0	19.0
302.0	124.0	19.0	19.0
303.0	124.0	18.0	19.0
303.0	124.0	18.0	19.0
304.0	125.0	17.0	17.0
304.0	124.0	18.0	18.0
303.0	123.0	18.0	19.0
303.0	123.0	18.0	18.0
303.0	123.0	18.0	18.0
302.0	123.0	18.0	18.0
301.0	124.0	18.0	18.0
300.0	124.0	18.0	19.0
301.0	126.0	17.0	18.0
299.0	127.0	17.0	17.0
298.0	128.0	17.0	17.0
298.0	128.0	16.0	18.0
295.0	130.0	18.0	18.0
294.0	129.0	18.0	18.0
293.0	129.0	18.0	17.0
293.0	129.0	17.0	17.0
294.0	130.0	15.0	16.0
293.0	131.0	16.0	15.0
292.0	128.0	19.0	18.0
291.0	122.0	20.0	22.0
291.2080078125	125.76363372802734	19.891468048095703	21.880615234375
290.894287109375	125.15840148925781	20.065303802490234	22.071834564208984
291.0447692871094	124.25666809082031	20.48963737487793	22.538602828979492
290.87994384765625	124.99713134765625	20.167491912841797	22.18424415588379
288.3704528808594	123.76038360595703	20.678258895874023	23.091169357299805
292.60089111328125	118.63507080078125	20.41569709777832	22.797969818115234
292.4432067871094	117.508544921875	20.387964248657227	22.767000198364258
294.29168701171875	114.41190338134766	20.345458984375	22.719533920288086
295.74139404296875	111.06462097167969	20.65469741821289	23.06485366821289
296.7026672363281	107.6316146850586	20.263391494750977	22.627887725830078
297.6578063964844	104.77738952636719	20.34769058227539	22.722023010253906
298.6401672363281	101.11483001708984	20.643495559692383	23.05234718322754
298.862060546875	99.19264221191406	20.208051681518555	22.566089630126953
299.2536315917969	97.65509033203125	19.701038360595703	21.99991226196289
299.0225830078125	93.16313934326172	19.558609008789062	21.840864181518555
298.54168701171875	90.74497985839844	19.739501953125	22.042865753173828
299.2532958984375	88.86493682861328	19.767635345458984	22.074283599853516
299.3521728515625	86.51717376708984	20.297460556030273	22.665935516357422
299.1539306640625	85.81080627441406	20.680328369140625	23.093481063842773
299.257080078125	85.6502456665039	20.991249084472656	23.44068145751953
299.673583984375	85.77449035644531	20.87272071838379	23.308320999145508
300.5877685546875	87.44737243652344	21.204559326171875	23.678884506225586
302.0	96.0	18.0	18.0
302.0	109.0	17.0	18.0
302.0	125.0	17.0	17.0
301.0	113.0	18.0	19.0
301.0886535644531	108.16019439697266	17.98122787475586	18.98018455505371
301.0	103.0	19.0	19.0
301.0	105.0	18.0	18.0
301.0	110.0	18.0	19.0
302.0	120.0	17.0	18.0
303.0	120.0	17.0	18.0
303.0	113.0	18.0	20.0
305.0	112.0	18.0	19.0
306.0	116.0	18.0	18.0
307.0	124.0	18.0	18.0
308.0	120.0	18.0	19.0
310.0	119.0	17.0	17.0
310.0	121.0	18.0	18.0
312.0	125.0	17.0	18.0
312.0	121.0	19.0	19.0
314.0	123.0	18.0	19.0
316.0	124.0	17.0	19.0
317.0	124.0	18.0	18.0
318.0	126.0	18.0	18.0
319.0	125.0	18.0	18.0
321.0	125.0	18.0	19.0
322.0	126.0	18.0	18.0
323.0	125.0	18.0	19.0
324.0	125.0	18.0	19.0
326.0	126.0	18.0	19.0
327.0	126.0	18.0	19.0
328.0	126.0	18.0	19.0
329.0	126.0	18.0	19.0
330.0	126.0	18.0	19.0
331.0	126.0	18.0	19.0
332.0	126.0	18.0	19.0
333.0	126.0	17.0	19.0
333.0	126.0	18.0	19.0
333.0	126.0	18.0	18.0
333.0	126.0	18.0	18.0
333.0	126.0	18.0	18.0
334.0	126.0	17.0	18.0
333.0	126.0	18.0	18.0
333.0	126.0	18.0	19.0
333.0	126.0	18.0	19.0
333.0	126.0	17.0	19.0
333.0	126.0	17.0	19.0
332.0	126.0	17.0	19.0
331.0	126.0	18.0	19.0
331.0	126.0	17.0	19.0
330.0	126.0	17.0	19.0
329.0	127.0	18.0	18.0
328.0	126.0	18.0	19.0
328.0	127.0	18.0	18.0
328.64239501953125	128.74362182617188	17.987836837768555	17.987836837768555
328.20050048828125	128.1697998046875	17.80439567565918	17.80439567565918
326.8216552734375	128.40988159179688	17.706684112548828	17.706684112548828
325.0115051269531	128.20132446289062	17.81679916381836	17.81679916381836
323.4078063964844	127.50526428222656	17.844039916992188	17.844039916992188
320.37213134765625	127.79183197021484	17.737010955810547	17.737010955810547
318.0	127.0	18.0	18.0
315.0	126.0	18.0	19.0
312.0	126.0	18.0	19.0
309.0	126.0	18.0	19.0
306.0	126.0	18.0	18.0
303.0	126.0	18.0	18.0
301.0	126.0	17.0	18.0
298.0	125.0	18.0	19.0
296.0	126.0	17.0	18.0
293.0	125.0	18.0	19.0
291.0	125.0	18.0	19.0
289.0	125.0	18.0	19.0
287.0	125.0	17.0	19.0
284.0	125.0	18.0	19.0
282.0	126.0	18.0	18.0
280.0	126.0	18.0	19.0
278.0	126.0	18.0	19.0
276.0	126.0	17.0	18.0
274.0	126.0	18.0	18.0
271.0	126.0	18.0	19.0
269.0	126.0	18.0	19.0
266.0	127.0	18.0	19.0
263.0	127.0	18.0	19.0
261.0	127.0	18.0	19.0
257.72698974609375	127.05108642578125	18.135223388671875	19.14273452758789
257.0	128.0	17.0	18.0
254.0	128.0	18.0	19.0
251.0	128.0	19.0	18.0
251.0	129.0	18.0	18.0
252.0	129.0	19.0	19.0
254.0	130.0	18.0	20.0
255.0	131.0	19.0	19.0
256.0	132.0	20.0	19.0
257.0	133.0	19.0	20.0
259.0	135.0	18.0	19.0
259.0	136.0	18.0	18.0
260.0	137.0	18.0	19.0
260.0	137.0	19.0	20.0
261.0	138.0	19.0	20.0
262.0	139.0	18.0	20.0
263.0	140.0	17.0	19.0
263.0	141.0	19.0	20.0
263.18585205078125	142.69418334960938	19.272512435913086	20.28685760498047
265.0	143.0	18.0	19.0
266.0	144.0	18.0	20.0
266.0	145.0	19.0	20.0
265.6534118652344	145.34788513183594	18.94647789001465	19.943660736083984
267.2189636230469	147.7577362060547	18.979991912841797	19.978939056396484
268.05047607421875	147.62368774414062	19.34168815612793	20.35967254638672
270.0	151.0	18.0	18.0
271.0	152.0	18.0	18.0
271.0	152.0	18.0	19.0
271.0	152.0	19.0	20.0
272.0	154.0	19.0	20.0
272.0	155.0	19.0	20.0
273.0	156.0	19.0	20.0
273.0	157.0	19.0	20.0
273.0	158.0	19.0	20.0
273.0	158.0	20.0	21.0
273.0	160.0	19.0	19.0
273.0	161.0	19.0	19.0
273.0	161.0	19.0	20.0
273.0	162.0	19.0	20.0
273.0	162.0	19.0	20.0
273.0	163.0	18.0	20.0
273.0	164.0	18.0	20.0
273.0	164.0	19.0	20.0
274.0	165.0	18.0	20.0
274.0	165.0	19.0	20.0
274.0	166.0	20.0	20.0
275.0	167.0	19.0	19.0
276.0	167.0	18.0	20.0
275.0	167.0	20.0	21.0
276.0	168.0	20.0	20.0
277.0	169.0	19.0	20.0
278.0	169.0	20.0	20.0
279.0	170.0	20.0	20.0
280.0	170.0	20.0	21.0
281.0	170.0	21.0	22.0
283.0	175.0	18.0	18.0
279.53106689453125	174.4628448486328	17.796981811523438	17.796981811523438
279.9620056152344	176.00283813476562	17.52566146850586	17.52566146850586
280.9205627441406	175.40420532226562	17.613994598388672	17.613994598388672
281.7686462402344	173.46275329589844	17.543493270874023	17.543493270874023
284.0	172.0	18.0	18.0
284.0	169.0	19.0	19.0
287.0	164.0	19.0	20.0
289.0	161.0	18.0	19.0
291.0	157.0	19.0	20.0
293.0	154.0	19.0	19.0
296.0	150.0	18.0	20.0
298.0	147.0	18.0	20.0
300.0	144.0	19.0	19.0
302.0	140.0	19.0	20.0
304.0	138.0	18.0	19.0
307.0	135.0	18.0	18.0
310.0	132.0	17.0	18.0
312.0	129.0	17.0	19.0
