228.0	61.0	32.0	37.0
228.0	61.0	31.0	35.0
227.0	62.0	31.0	34.0
226.0	61.0	31.0	36.0
227.0	62.0	30.0	34.0
226.0	61.0	32.0	36.0
227.0	61.0	31.0	35.0
226.0	61.0	31.0	35.0
226.0	61.0	32.0	36.0
225.0	61.0	31.0	34.0
225.0	61.0	31.0	35.0
225.0	62.0	30.0	34.0
223.0	61.0	32.0	36.0
224.0	61.0	33.0	36.0
224.0	63.0	31.0	35.0
225.0	62.0	31.0	35.0
225.0	62.0	32.0	35.0
223.0	62.0	33.0	36.0
221.0	62.0	33.0	37.0
220.0	64.0	30.0	34.0
220.0	66.0	30.0	33.0
216.0	66.0	33.0	32.0
215.0	68.0	31.0	30.0
214.0	67.0	30.0	34.0
211.0	68.0	31.0	34.0
209.0	67.0	34.0	38.0
209.0	69.0	33.0	35.0
208.0	70.0	33.0	35.0
208.0	70.0	32.0	35.0
207.0	72.0	34.0	35.0
207.0	71.0	33.0	35.0
204.0	73.0	32.0	34.0
204.0	73.0	31.0	35.0
204.0	73.0	31.0	35.0
201.0	73.0	34.0	36.0
204.0	75.0	30.0	34.0
203.0	74.0	31.0	35.0
202.0	75.0	31.0	34.0
202.0	75.0	30.0	33.0
200.0	75.0	30.0	34.0
200.0	76.0	30.0	32.0
199.0	76.0	30.0	33.0
195.0	74.0	31.0	34.0
194.0	76.0	30.0	34.0
191.0	75.0	32.0	35.0
190.0	76.0	32.0	35.0
189.0	76.0	31.0	36.0
187.0	75.0	31.0	36.0
188.0	76.0	30.0	33.0
187.0	77.0	31.0	34.0
185.0	78.0	30.0	35.0
183.0	78.0	32.0	34.0
182.0	78.0	31.0	34.0
180.0	79.0	32.0	34.0
179.0	79.0	31.0	34.0
178.0	79.0	31.0	32.0
176.0	79.0	32.0	33.0
175.0	78.0	32.0	35.0
174.0	79.0	33.0	36.0
172.0	79.0	34.0	40.0
172.0	80.0	34.0	40.0
171.0	81.0	34.0	39.0
173.0	82.0	30.0	34.0
171.0	82.0	31.0	34.0
165.0	80.0	37.0	41.0
167.0	82.0	32.0	35.0
167.0	82.0	31.0	35.0
165.0	83.0	31.0	35.0
164.0	83.0	32.0	34.0
161.0	83.0	32.0	35.0
162.0	83.0	30.0	34.0
157.0	83.0	32.0	34.0
156.0	82.0	33.0	36.0
157.0	82.0	32.0	36.0
154.0	81.0	33.0	36.0
151.0	80.0	34.0	38.0
152.0	83.0	33.0	34.0
147.0	81.0	34.0	36.0
148.0	83.0	34.0	34.0
147.0	83.0	32.0	35.0
144.1272430419922	83.18072509765625	31.732107162475586	34.706993103027344
144.72891235351562	83.11930084228516	32.08369445800781	35.09154510498047
143.39205932617188	83.40235900878906	31.750530242919922	34.727149963378906
142.17535400390625	82.81925964355469	31.696191787719727	34.66771697998047
139.9080047607422	83.41963195800781	31.710845947265625	34.683746337890625
138.0	83.0	32.0	37.0
139.0	84.0	31.0	36.0
132.0	83.0	35.0	38.0
133.0	84.0	31.0	35.0
129.9565887451172	84.41504669189453	31.037044525146484	35.04182815551758
128.85623168945312	84.6435317993164	31.487768173217773	35.55070877075195
124.6904296875	85.09830474853516	31.349903106689453	35.395057678222656
121.4825210571289	84.78565979003906	31.014293670654297	35.016143798828125
118.97943115234375	84.61895751953125	30.92270851135254	34.912742614746094
117.0372314453125	85.9552230834961	30.856252670288086	34.83771514892578
115.0	85.0	32.0	34.0
116.4985580444336	87.42777252197266	31.815746307373047	33.80423355102539
118.02473449707031	87.22586822509766	31.869258880615234	33.86109161376953
121.91981506347656	88.59175109863281	31.504199981689453	33.47321701049805
124.64604187011719	88.90179443359375	31.590551376342773	33.564964294433594
123.0	88.0	36.0	36.0
122.0	88.0	39.0	37.0
126.0	88.0	37.0	36.0
133.0	89.0	33.0	34.0
134.0	88.0	34.0	34.0
136.8246612548828	89.05638122558594	33.58209228515625	33.58209228515625
141.35682678222656	89.20722961425781	33.22346878051758	33.22346878051758
145.0	90.0	30.0	32.0
147.0	90.0	32.0	32.0
149.0	88.0	37.0	35.0
152.0	88.0	35.0	31.0
158.0	88.0	34.0	31.0
163.0	88.0	32.0	30.0
165.0	87.0	33.0	30.0
172.0	86.0	33.0	32.0
173.0	85.0	36.0	32.0
177.71664428710938	86.67987060546875	36.56455612182617	32.5018310546875
183.0	85.0	35.0	31.0
187.0	85.0	30.0	32.0
189.0	85.0	33.0	31.0
192.0	84.0	36.0	33.0
198.0	84.0	33.0	34.0
201.74034118652344	82.21542358398438	32.839542388916016	33.834678649902344
206.0	83.0	30.0	32.0
208.0	80.0	35.0	36.0
212.0	80.0	32.0	34.0
213.0	78.0	31.0	35.0
215.0	78.0	31.0	36.0
217.0	79.0	32.0	35.0
218.0	79.0	31.0	35.0
220.0	79.0	31.0	34.0
221.0	77.0	31.0	36.0
223.0	78.0	31.0	35.0
226.0	76.0	32.0	35.0
228.0	74.0	32.0	36.0
228.0	74.0	33.0	34.0
231.0	74.0	35.0	37.0
232.0	74.0	34.0	37.0
233.0	73.0	34.0	35.0
237.0	74.0	33.0	34.0
240.0	72.0	36.0	32.0
244.0	72.0	34.0	32.0
247.0	71.0	33.0	35.0
249.0	71.0	32.0	35.0
250.0	67.0	34.0	37.0
253.6619110107422	68.96150207519531	33.590782165527344	36.55467987060547
256.63482666015625	67.6093521118164	33.771636962890625	36.751487731933594
260.64215087890625	66.88441467285156	34.053138732910156	37.057823181152344
263.0	69.0	33.0	35.0
266.0	67.0	31.0	35.0
267.0	65.0	32.0	37.0
266.0	62.0	33.0	37.0
268.0	60.0	32.0	37.0
266.0	57.0	35.0	38.0
268.0	54.0	34.0	39.0
271.0	53.0	32.0	36.0
270.0	52.0	34.0	38.0
272.0	49.0	35.0	42.0
273.0	52.0	31.0	33.0
272.0	50.0	34.0	36.0
272.0	49.0	34.0	36.0
276.0	45.0	33.0	38.0
275.0	43.0	34.0	37.0
278.0	42.0	31.0	34.0
273.0	40.0	35.0	37.0
276.0	40.0	31.0	34.0
249.0	3.0	42.0	46.0
276.0	38.0	29.0	32.0
273.0	33.0	34.0	38.0
274.0	33.0	34.0	37.0
274.0	34.0	33.0	35.0
273.0	33.0	35.0	38.0
273.0	34.0	34.0	37.0
269.0	33.0	36.0	38.0
271.0	34.0	35.0	38.0
270.0	35.0	33.0	37.0
271.0	36.0	33.0	36.0
273.0	36.0	32.0	35.0
275.0	39.0	29.0	31.0
275.0	40.0	29.0	31.0
272.0	39.0	34.0	36.0
272.0	38.0	32.0	36.0
273.0	38.0	33.0	37.0
274.0	40.0	32.0	36.0
276.0	40.0	33.0	37.0
275.0	41.0	31.0	35.0
276.0	40.0	35.0	41.0
270.0	42.0	35.0	39.0
273.0	41.0	40.0	47.0
273.0	42.0	39.0	43.0
272.0	41.0	39.0	42.0
271.0	42.0	39.0	44.0
275.0	44.0	32.0	37.0
267.0	43.0	41.0	44.0
266.0	43.0	41.0	45.0
267.0	45.0	39.0	42.0
273.0	47.0	32.0	36.0
276.0	51.0	29.0	32.0
276.0	51.0	30.0	33.0
277.0	53.0	29.0	31.0
275.0	52.0	31.0	35.0
277.0	57.0	26.0	29.0
277.0	57.0	28.0	30.0
278.0	57.0	27.0	30.0
277.0	56.0	30.0	33.0
278.0	57.0	28.0	31.0
275.0	58.0	29.0	34.0
275.0	59.0	27.0	32.0
278.0	62.0	24.0	28.0
276.0	65.0	25.0	29.0
276.0	64.0	25.0	29.0
272.0	62.0	29.0	34.0
273.0	62.0	30.0	36.0
272.0	64.0	29.0	34.0
270.0	64.0	30.0	35.0
295.0	71.0	22.0	30.0
283.75823974609375	68.47840118408203	21.960525512695312	29.946170806884766
274.1697998046875	67.7856674194336	21.906810760498047	29.8729248046875
297.0	70.0	22.0	33.0
295.0	72.0	23.0	32.0
298.0	71.0	20.0	31.0
294.0	72.0	25.0	33.0
297.0	71.0	22.0	31.0
311.0	98.0	26.0	34.0
311.453857421875	95.81635284423828	26.01369857788086	34.01791763305664
311.32965087890625	97.39586639404297	25.471782684326172	33.30925750732422
311.85797119140625	99.61274719238281	25.507183074951172	33.355552673339844
311.12664794921875	98.9879379272461	25.483776092529297	33.324947357177734
312.6307067871094	100.56169128417969	25.738122940063477	33.657554626464844
311.0110778808594	97.57523345947266	25.829666137695312	33.77726364135742
311.5947265625	99.93754577636719	26.00608253479004	34.007957458496094
312.21575927734375	99.98492431640625	26.214828491210938	34.28093338012695
312.0	98.0	25.0	32.0
313.1254577636719	100.06053161621094	24.736745834350586	31.663034439086914
313.3453674316406	100.08578491210938	24.276290893554688	31.073654174804688
312.0	97.0	25.0	30.0
311.4664611816406	98.0731430053711	25.170848846435547	30.205020904541016
310.0	98.0	26.0	30.0
310.6939392089844	101.38094329833984	25.881595611572266	29.863378524780273
308.18804931640625	101.34886169433594	26.424179077148438	30.489437103271484
306.0500183105469	101.36064910888672	26.560150146484375	30.646326065063477
307.0	98.0	27.0	31.0
304.9768371582031	102.42478942871094	27.32589340209961	31.37417221069336
306.6195983886719	99.93378448486328	27.488460540771484	31.560821533203125
306.0	100.0	30.0	31.0
302.625732421875	98.61712646484375	30.031848907470703	31.032909393310547
302.96673583984375	99.86299896240234	29.89434242248535	30.890819549560547
305.2000732421875	103.26065826416016	29.911060333251953	30.908092498779297
305.3959045410156	102.26043701171875	29.750682830810547	30.742366790771484
303.4620361328125	99.89851379394531	30.35012435913086	31.361785888671875
302.13177490234375	100.1375732421875	30.447887420654297	31.462810516357422
301.4408264160156	99.62596130371094	30.834247589111328	31.862049102783203
301.09979248046875	100.26164245605469	31.520370483398438	32.571044921875
303.034912109375	101.49162292480469	31.706714630126953	32.76359939575195
301.6903381347656	99.32648468017578	31.362802505493164	32.408226013183594
301.129150390625	99.45008087158203	31.823781967163086	32.88457107543945
301.28912353515625	98.92564392089844	31.949039459228516	33.013999938964844
302.3727722167969	98.12010955810547	32.017723083496094	33.0849723815918
301.50299072265625	98.6042709350586	32.540626525878906	33.62530517578125
299.78564453125	98.01249694824219	33.008949279785156	34.1092414855957
298.6656799316406	97.30583190917969	33.41545486450195	34.52930450439453
301.42034912109375	99.2843017578125	33.406394958496094	34.51994323730469
302.44464111328125	97.83052825927734	33.52354049682617	34.64099884033203
300.21282958984375	97.69856262207031	33.48206329345703	34.59813690185547
301.23468017578125	97.7596435546875	33.457340240478516	34.57258987426758
302.3606872558594	97.78455352783203	33.154544830322266	34.259700775146484
300.896728515625	97.8018569946289	32.6741943359375	33.763336181640625
302.4547424316406	97.77580261230469	32.48967742919922	33.572669982910156
301.48870849609375	97.0198745727539	32.84894943237305	33.94392013549805
300.06793212890625	97.10505676269531	33.37358856201172	34.486045837402344
300.8667297363281	97.05902099609375	32.94123458862305	34.039283752441406
301.01995849609375	96.74410247802734	33.067039489746094	34.16928482055664
300.65386962890625	96.83659362792969	33.46440887451172	34.57990264892578
302.2867431640625	96.77005767822266	33.50514602661133	34.62199783325195
301.03460693359375	96.54875946044922	33.5947151184082	34.71455001831055
299.3269958496094	96.01971435546875	34.61676788330078	35.770668029785156
298.862548828125	96.09367370605469	34.68458557128906	35.84074401855469
300.32342529296875	96.03876495361328	34.73914337158203	35.897117614746094
300.6736755371094	96.51080322265625	35.01601791381836	36.18321990966797
299.81622314453125	94.44486236572266	35.15876007080078	36.330726623535156
299.4720153808594	94.17607116699219	35.30790710449219	36.484840393066406
298.7967529296875	95.75502014160156	35.28587341308594	36.462074279785156
299.61822509765625	95.28887176513672	35.6153450012207	36.802528381347656
299.3661804199219	96.2508773803711	35.52239227294922	36.706478118896484
300.73858642578125	95.62368774414062	35.345542907714844	36.52373123168945
301.8397521972656	94.7149429321289	35.48931884765625	36.67230224609375
300.4341125488281	94.81180572509766	35.229652404785156	36.40398025512695
302.37060546875	93.8598403930664	34.236549377441406	35.37777328491211
301.91412353515625	94.88426971435547	34.703948974609375	35.860755920410156
301.33758544921875	95.3736801147461	34.530174255371094	35.681190490722656
300.8128967285156	94.75941467285156	35.00835037231445	36.17530059814453
300.3755187988281	94.99195098876953	34.89979934692383	36.063133239746094
303.0	96.0	32.0	34.0
300.9639892578125	95.1152114868164	32.11490249633789	34.12207794189453
305.0	97.0	31.0	34.0
305.0	98.0	30.0	32.0
305.0	98.0	30.0	32.0
304.0	96.0	31.0	34.0
303.0	95.0	32.0	36.0
307.0	99.0	29.0	32.0
300.0	98.0	34.0	33.0
301.029541015625	97.7547607421875	34.21486282348633	33.20853805541992
305.0	97.0	30.0	33.0
306.0	99.0	29.0	32.0
305.0	99.0	31.0	32.0
301.0	98.0	33.0	33.0
302.0	96.0	33.0	36.0
301.0	95.0	34.0	36.0
306.0	98.0	30.0	32.0
306.0	98.0	30.0	32.0
304.0	94.0	30.0	35.0
308.0	98.0	28.0	32.0
306.8915100097656	98.46115112304688	28.262792587280273	32.300331115722656
305.3379211425781	98.52789306640625	28.373844146728516	32.42724609375
303.289306640625	99.92578887939453	27.75008201599121	31.714374542236328
299.5310363769531	98.0025405883789	27.6458683013916	31.595272064208984
298.4420471191406	98.94062805175781	28.46431541442871	32.5306396484375
300.1961364746094	97.9242172241211	29.090347290039062	33.24610137939453
299.36309814453125	97.2854232788086	29.315765380859375	33.503726959228516
297.4906311035156	98.4925308227539	29.423221588134766	33.62653350830078
296.1260681152344	99.22981262207031	29.279094696044922	33.46181869506836
294.8069763183594	98.93133544921875	29.07620620727539	33.22994613647461
292.19598388671875	98.53773498535156	28.96676254272461	33.10486602783203
289.75189208984375	98.54222106933594	29.13540267944336	33.29759979248047
292.0	104.0	25.0	29.0
292.38873291015625	102.63824462890625	25.114709854125977	29.1330623626709
291.97906494140625	103.29634094238281	25.117183685302734	29.13593101501465
293.2472839355469	101.68559265136719	25.117034912109375	29.135757446289062
291.89495849609375	102.48905944824219	25.121679306030273	29.141143798828125
292.61981201171875	103.04443359375	25.0324649810791	29.03765296936035
293.8481140136719	102.94295501708984	25.23734474182129	29.275314331054688
293.8680725097656	103.7484130859375	25.340023040771484	29.394420623779297
307.0	97.0	29.0	32.0
307.44769287109375	97.96293640136719	29.60604476928711	32.668739318847656
303.0	97.0	33.0	34.0
300.8592834472656	95.85454559326172	33.769554138183594	34.79287338256836
302.55029296875	95.1777572631836	33.67680740356445	34.69731521606445
301.0	97.0	35.0	33.0
300.60638427734375	96.49779510498047	35.38111877441406	33.35934066772461
301.5280456542969	96.50593566894531	35.048011779785156	33.04526901245117
299.95135498046875	96.05766296386719	35.98710632324219	33.93069839477539
299.47406005859375	95.934326171875	36.1924934387207	34.124351501464844
299.6408996582031	95.6421127319336	36.51000213623047	34.4237174987793
298.6390380859375	96.2358627319336	37.47034454345703	35.329185485839844
298.22845458984375	94.48040771484375	37.87935256958008	35.714820861816406
299.14776611328125	94.14436340332031	38.725799560546875	36.51289749145508
297.66796875	94.84521484375	38.91675567626953	36.69294357299805
297.5098571777344	95.94322967529297	39.12487030029297	36.889163970947266
298.14056396484375	93.96113586425781	39.18607711791992	36.946876525878906
297.2999267578125	94.62752532958984	39.278228759765625	37.03376007080078
298.690673828125	94.65193176269531	39.273414611816406	37.02922058105469
298.0090026855469	94.53072357177734	39.12358474731445	36.88794708251953
297.60125732421875	94.40449523925781	39.21493911743164	36.97407531738281
297.86883544921875	95.7495346069336	39.372154235839844	37.12230682373047
297.6722106933594	94.80796813964844	39.22712326049805	36.98556137084961
298.3248596191406	96.40189361572266	38.66238784790039	36.45309829711914
298.05450439453125	93.4660415649414	38.97297286987305	36.745933532714844
298.89117431640625	93.49041748046875	39.54907989501953	37.28912353515625
299.4266662597656	95.10242462158203	39.42729568481445	37.17429733276367
299.24346923828125	96.19912719726562	38.99500274658203	36.76670837402344
297.9639587402344	93.97193908691406	39.837371826171875	37.560943603515625
161.0	90.0	32.0	35.0
161.0	90.0	32.0	36.0
165.0	92.0	31.0	29.0
165.0	92.0	35.0	28.0
170.0	93.0	32.0	31.0
173.88894653320312	93.1043930053711	32.10661697387695	31.103282928466797
177.0	92.0	29.0	31.0
180.0	91.0	37.0	37.0
182.0	92.0	33.0	34.0
186.0	93.0	34.0	36.0
187.0	96.0	31.0	33.0
188.0	98.0	32.0	32.0
189.0	98.0	30.0	31.0
190.0	99.0	32.0	33.0
191.0	100.0	33.0	34.0
192.0	102.0	30.0	31.0
191.0	104.0	28.0	29.0
190.0	102.0	36.0	35.0
192.0	104.0	34.0	33.0
191.0	104.0	33.0	33.0
193.0	104.0	34.0	35.0
187.0	106.0	35.0	36.0
187.38189697265625	106.10127258300781	34.90802764892578	35.905399322509766
194.0	110.0	30.0	31.0
190.0	109.0	38.0	44.0
189.0	111.0	39.0	47.0
191.0	113.0	38.0	45.0
190.0	113.0	38.0	45.0
192.0	118.0	34.0	40.0
192.0	116.0	36.0	42.0
189.0	117.0	37.0	43.0
191.0	117.0	36.0	41.0
192.0	118.0	35.0	40.0
191.0	117.0	39.0	44.0
190.0	119.0	35.0	38.0
191.0	119.0	39.0	44.0
191.0	120.0	36.0	39.0
191.0	121.0	35.0	38.0
191.0	122.0	33.0	37.0
191.0	121.0	35.0	38.0
192.0	124.0	33.0	37.0
192.0	122.0	32.0	35.0
192.0	123.0	32.0	36.0
191.0	123.0	33.0	37.0
191.0	123.0	32.0	34.0
190.0	120.0	33.0	35.0
189.0	118.0	35.0	39.0
188.0	118.0	35.0	40.0
189.0	116.0	35.0	39.0
188.127197265625	113.76725769042969	34.620933532714844	38.577606201171875
190.21206665039062	111.69047546386719	34.696048736572266	38.66130447387695
188.62704467773438	108.36283111572266	34.548614501953125	38.49702072143555
188.75167846679688	107.00138092041016	34.60612487792969	38.56110382080078
188.0690460205078	104.2804183959961	33.8087043762207	37.67254638671875
192.0	108.0	25.0	25.0
186.0	105.0	28.0	29.0
189.0	106.0	27.0	27.0
188.0	104.0	30.0	31.0
187.0	103.0	28.0	29.0
187.0	101.0	28.0	31.0
181.0	99.0	31.0	33.0
182.0	100.0	29.0	32.0
184.0	99.0	29.0	32.0
183.0	98.0	30.0	32.0
180.0	99.0	31.0	32.0
182.0	99.0	29.0	31.0
183.0	100.0	27.0	30.0
179.0	99.0	31.0	32.0
176.0	98.0	33.0	34.0
176.0	98.0	30.0	32.0
176.0	101.0	30.0	29.0
174.0	99.0	32.0	33.0
172.0	98.0	30.0	34.0
169.0	98.0	31.0	33.0
165.0	99.0	31.0	31.0
169.0	98.0	28.0	31.0
166.0	98.0	30.0	33.0
165.0	99.0	30.0	32.0
164.0	98.0	31.0	33.0
164.0	98.0	31.0	33.0
162.0	97.0	31.0	34.0
159.0	96.0	33.0	36.0
163.0	97.0	30.0	34.0
163.0	97.0	30.0	34.0
160.0	95.0	32.0	36.0
163.0	98.0	30.0	33.0
162.0	96.0	32.0	35.0
163.0	97.0	31.0	34.0
164.0	98.0	31.0	32.0
166.0	98.0	31.0	33.0
168.0	99.0	30.0	32.0
171.0	101.0	32.0	30.0
173.0	100.0	33.0	32.0
173.0	99.0	34.0	32.0
181.0	100.0	29.0	30.0
181.0	101.0	32.0	31.0
184.5574188232422	102.20918273925781	31.477243423461914	30.493579864501953
185.6425018310547	103.00657653808594	31.830341339111328	30.835643768310547
191.0	105.0	26.0	27.0
192.4192352294922	105.03033447265625	26.10158920288086	27.10549545288086
199.0	104.0	28.0	30.0
198.0	104.0	32.0	31.0
200.0	105.0	30.0	31.0
202.0	105.0	30.0	33.0
203.0	106.0	30.0	32.0
204.0	106.0	30.0	33.0
203.0	107.0	29.0	31.0
205.0	108.0	27.0	31.0
202.0	109.0	30.0	32.0
203.0	109.0	29.0	33.0
204.0	109.0	29.0	32.0
205.0	110.0	30.0	34.0
205.0	110.0	32.0	35.0
206.0	110.0	32.0	35.0
211.0	111.0	32.0	35.0
212.0	110.0	32.0	35.0
215.0	109.0	32.0	35.0
214.75271606445312	109.7823715209961	32.19731903076172	35.21581268310547
217.0	109.0	35.0	37.0
219.0	108.0	34.0	38.0
221.0	109.0	33.0	35.0
223.0	109.0	33.0	35.0
224.0	108.0	36.0	37.0
227.0	108.0	36.0	37.0
230.0	109.0	34.0	36.0
232.0	110.0	33.0	35.0
232.0	109.0	33.0	37.0
234.0	109.0	32.0	35.0
232.0	109.0	34.0	35.0
234.0	110.0	32.0	35.0
232.0	111.0	33.0	36.0
230.0	111.0	34.0	37.0
227.0	110.0	37.0	41.0
224.0	110.0	40.0	42.0
224.0	110.0	37.0	40.0
223.0	111.0	36.0	41.0
220.0	111.0	37.0	41.0
221.0	112.0	36.0	40.0
221.0	112.0	36.0	41.0
219.0	111.0	37.0	44.0
219.0	113.0	36.0	42.0
219.0	113.0	36.0	42.0
214.240966796875	111.32718658447266	36.05159378051758	42.0601921081543
214.3357696533203	111.96060943603516	36.1898078918457	42.22144317626953
212.7490692138672	110.49327087402344	36.6800651550293	42.79340744018555
212.9317169189453	109.12548828125	36.32194519042969	42.37560272216797
212.6146697998047	109.45121765136719	36.6883544921875	42.803077697753906
217.0	110.0	33.0	40.0
216.0	110.0	35.0	41.0
218.0	112.0	32.0	38.0
216.0	109.0	33.0	39.0
213.91049194335938	112.59820556640625	32.12422180175781	37.964988708496094
213.44482421875	111.2653579711914	32.270484924316406	38.137847900390625
212.06509399414062	109.8145523071289	32.416236877441406	38.31010055541992
212.72988891601562	108.74481201171875	32.24736785888672	38.11052703857422
212.1183319091797	109.2996826171875	32.2093505859375	38.06559371948242
209.66445922851562	108.61680603027344	32.22564697265625	38.0848503112793
207.0	111.0	30.0	28.0
206.55813598632812	113.80743408203125	30.05193519592285	28.048471450805664
205.35244750976562	111.8879165649414	30.793481826782227	28.740581512451172
201.50228881835938	110.00296783447266	31.3525390625	29.262365341186523
197.4761962890625	110.3017807006836	31.344768524169922	29.255115509033203
192.0872802734375	109.27581787109375	31.847448348999023	29.72428321838379
187.01144409179688	108.55789947509766	32.188777923583984	30.042858123779297
184.34266662597656	108.5263442993164	32.550594329833984	30.38055419921875
182.66281127929688	109.23758697509766	32.5134162902832	30.345855712890625
179.13076782226562	108.75865173339844	32.68688201904297	30.50775146484375
178.440673828125	106.30419921875	32.79495620727539	30.608617782592773
177.30068969726562	106.3100357055664	33.00401306152344	30.80373764038086
177.33828735351562	105.62800598144531	33.18767166137695	30.97515296936035
179.0	107.0	28.0	26.0
169.0	104.0	27.0	27.0
182.0	107.0	22.0	24.0
169.0	105.0	27.0	28.0
169.0	105.0	25.0	27.0
169.0	107.0	24.0	28.0
162.0	107.0	21.0	24.0
167.0	105.0	23.0	27.0
168.0	106.0	23.0	27.0
168.0	106.0	23.0	27.0
170.58755493164062	107.81819152832031	23.18887710571289	27.221725463867188
173.34072875976562	108.36136627197266	23.026233673095703	27.03079605102539
176.2266845703125	107.3934097290039	23.357105255126953	27.419214248657227
171.45675659179688	107.40765380859375	23.706090927124023	27.82889175415039
177.0	108.0	30.0	29.0
178.0	107.0	30.0	30.0
178.96536254882812	107.64019775390625	30.193485260009766	30.193485260009766
186.0	106.0	27.0	27.0
183.0	104.0	30.0	29.0
183.0	100.0	30.0	31.0
184.0	99.0	29.0	31.0
