201.0	61.0	32.0	54.0
201.0	60.0	31.0	54.0
201.0	60.0	31.0	55.0
201.0	60.0	30.0	53.0
202.0	58.0	29.0	54.0
202.0	58.0	29.0	53.0
201.0	58.0	30.0	55.0
201.0	58.0	30.0	55.0
201.0	59.0	30.0	54.0
201.0	59.0	30.0	54.0
202.0	59.0	29.0	54.0
201.0	57.0	30.0	55.0
201.0	57.0	30.0	55.0
201.0	57.0	31.0	55.0
201.0	57.0	31.0	56.0
201.0	59.0	31.0	54.0
201.0	59.0	30.0	54.0
201.0	59.0	30.0	54.0
201.0	60.0	30.0	54.0
201.0	60.0	31.0	54.0
201.0	60.0	31.0	54.0
201.0	59.0	31.0	54.0
201.0	59.0	31.0	55.0
201.0	59.0	31.0	55.0
203.0	59.0	29.0	54.0
204.0	59.0	31.0	56.0
203.0	59.0	34.0	57.0
204.0	59.0	34.0	55.0
204.0	59.0	35.0	56.0
204.0	58.0	35.0	57.0
205.0	59.0	34.0	55.0
204.0	58.0	35.0	56.0
204.0	58.0	33.0	56.0
203.0	58.0	32.0	56.0
203.0	60.0	30.0	54.0
203.0	59.0	31.0	55.0
203.0	60.0	31.0	55.0
203.0	59.0	31.0	55.0
204.0	57.0	31.0	57.0
204.0	56.0	33.0	59.0
205.0	55.0	32.0	61.0
205.0	56.0	32.0	59.0
205.0	58.0	30.0	54.0
205.0	58.0	31.0	55.0
205.0	57.0	33.0	58.0
205.0	56.0	33.0	59.0
206.0	57.0	31.0	57.0
205.0	55.0	33.0	60.0
207.0	57.0	31.0	56.0
205.0	55.0	33.0	60.0
208.0	56.0	31.0	57.0
207.0	56.0	32.0	58.0
208.0	57.0	29.0	54.0
205.0	54.0	33.0	60.0
207.0	56.0	32.0	58.0
206.0	54.0	33.0	60.0
206.0	55.0	33.0	60.0
205.0	55.0	33.0	59.0
205.0	55.0	33.0	59.0
205.0	55.0	33.0	60.0
206.0	55.0	33.0	59.0
206.0	57.0	32.0	57.0
205.0	55.0	32.0	61.0
204.0	55.0	33.0	59.0
205.0	56.0	31.0	56.0
204.0	56.0	31.0	56.0
203.0	58.0	30.0	57.0
203.0	59.0	30.0	56.0
201.0	57.0	31.0	58.0
199.0	57.0	31.0	57.0
197.0	58.0	32.0	56.0
195.0	55.0	33.0	60.0
193.0	55.0	32.0	59.0
193.0	57.0	30.0	56.0
192.0	57.0	30.0	55.0
190.0	57.0	30.0	56.0
189.0	56.0	31.0	57.0
188.0	58.0	30.0	53.0
185.0	57.0	32.0	55.0
183.0	57.0	32.0	55.0
182.0	57.0	31.0	54.0
181.0	57.0	31.0	55.0
180.0	56.0	31.0	56.0
179.0	55.0	31.0	57.0
178.0	55.0	31.0	57.0
178.0	55.0	30.0	57.0
178.0	55.0	30.0	57.0
178.0	56.0	30.0	56.0
178.0	56.0	30.0	56.0
178.0	56.0	30.0	56.0
178.0	56.0	30.0	56.0
178.0	57.0	30.0	55.0
178.0	56.0	32.0	58.0
179.0	57.0	30.0	56.0
179.0	57.0	31.0	57.0
180.0	58.0	31.0	56.0
179.0	56.0	32.0	57.0
180.0	57.0	31.0	57.0
181.0	58.0	31.0	55.0
182.0	57.0	31.0	56.0
182.0	58.0	32.0	56.0
184.0	57.0	33.0	56.0
185.0	57.0	33.0	56.0
188.0	56.0	31.0	57.0
189.0	57.0	31.0	56.0
191.0	56.0	31.0	57.0
193.0	56.0	31.0	59.0
193.0	55.0	32.0	59.0
194.0	54.0	32.0	60.0
194.0	56.0	33.0	57.0
196.0	57.0	33.0	58.0
197.0	56.0	34.0	58.0
201.0	57.0	32.0	57.0
203.0	57.0	32.0	57.0
204.0	57.0	32.0	56.0
206.0	56.0	32.0	58.0
207.0	57.0	32.0	56.0
207.0	56.0	33.0	57.0
209.0	56.0	31.0	57.0
210.0	57.0	32.0	57.0
212.0	58.0	31.0	55.0
214.0	58.0	30.0	55.0
215.0	56.0	30.0	58.0
217.0	56.0	30.0	58.0
217.0	56.0	31.0	57.0
218.0	56.0	31.0	57.0
219.0	56.0	32.0	57.0
221.0	56.0	32.0	55.0
222.0	57.0	31.0	54.0
223.0	57.0	32.0	55.0
225.0	57.0	33.0	54.0
226.0	56.0	33.0	56.0
227.0	55.0	33.0	56.0
229.0	56.0	31.0	54.0
229.0	56.0	32.0	55.0
230.0	56.0	32.0	56.0
230.0	56.0	31.0	56.0
229.0	55.0	33.0	57.0
229.0	56.0	32.0	55.0
229.0	55.0	33.0	55.0
229.0	56.0	31.0	54.0
228.0	55.0	31.0	56.0
228.0	56.0	31.0	55.0
227.0	57.0	32.0	53.0
227.0	56.0	31.0	53.0
226.0	55.0	32.0	54.0
226.0	56.0	31.0	53.0
226.0	56.0	31.0	53.0
226.0	57.0	30.0	52.0
224.0	56.0	32.0	53.0
225.0	57.0	30.0	52.0
224.0	57.0	30.0	51.0
225.0	58.0	29.0	52.0
226.0	59.0	28.0	50.0
225.0	58.0	29.0	51.0
225.0	58.0	28.0	51.0
225.0	58.0	29.0	51.0
223.0	58.0	30.0	51.0
225.0	60.0	28.0	49.0
224.0	59.0	29.0	49.0
224.0	59.0	28.0	49.0
222.0	59.0	30.0	50.0
222.0	59.0	29.0	50.0
222.0	59.0	29.0	49.0
222.0	59.0	29.0	50.0
222.0	59.0	30.0	49.0
223.0	59.0	28.0	51.0
223.0	60.0	28.0	50.0
223.0	60.0	28.0	50.0
223.0	61.0	28.0	49.0
223.0	62.0	29.0	47.0
224.0	62.0	27.0	46.0
224.0	63.0	28.0	45.0
223.0	62.0	30.0	47.0
224.0	65.0	28.0	43.0
225.0	65.0	27.0	44.0
225.0	65.0	28.0	44.0
225.0	66.0	28.0	44.0
224.0	66.0	28.0	43.0
224.0	67.0	28.0	42.0
224.0	66.0	28.0	43.0
224.0	66.0	27.0	43.0
223.0	67.0	29.0	43.0
224.0	67.0	27.0	43.0
224.0	67.0	28.0	43.0
224.0	67.0	28.0	43.0
224.0	67.0	28.0	43.0
223.0	67.0	29.0	42.0
223.0	65.0	28.0	44.0
223.0	65.0	28.0	44.0
223.0	65.0	28.0	44.0
222.0	62.0	29.0	47.0
222.0	65.0	28.0	45.0
222.0	66.0	29.0	44.0
221.0	67.0	28.0	42.0
220.0	67.0	29.0	43.0
220.0	67.0	29.0	42.0
220.0	67.0	28.0	42.0
220.0	68.0	27.0	42.0
219.0	67.0	28.0	43.0
219.0	67.0	28.0	43.0
218.0	67.0	28.0	43.0
217.0	68.0	27.0	42.0
214.0	69.0	29.0	42.0
213.0	69.0	29.0	42.0
214.0	69.0	27.0	41.0
213.0	69.0	28.0	41.0
211.0	69.0	29.0	41.0
211.0	69.0	27.0	41.0
210.0	69.0	27.0	40.0
207.0	69.0	28.0	41.0
206.0	69.0	29.0	42.0
205.0	70.0	28.0	40.0
204.0	70.0	27.0	40.0
204.0	71.0	25.0	39.0
201.0	68.0	27.0	42.0
198.0	69.0	28.0	41.0
194.0	65.0	30.0	47.0
193.0	66.0	29.0	46.0
192.0	69.0	28.0	41.0
192.0	70.0	27.0	40.0
191.0	67.0	26.0	45.0
189.0	67.0	27.0	45.0
190.0	68.0	26.0	41.0
189.0	68.0	27.0	40.0
187.0	68.0	29.0	42.0
188.0	69.0	28.0	41.0
187.0	68.0	30.0	42.0
190.0	68.0	28.0	42.0
191.0	70.0	27.0	40.0
191.0	68.0	29.0	42.0
193.0	69.0	28.0	42.0
194.0	68.0	28.0	43.0
196.0	66.0	27.0	44.0
197.0	65.0	29.0	45.0
200.0	65.0	27.0	45.0
200.0	62.0	28.0	48.0
200.0	61.0	30.0	49.0
201.0	61.0	30.0	50.0
202.0	60.0	30.0	50.0
204.0	60.0	30.0	51.0
206.0	60.0	30.0	51.0
206.0	58.0	30.0	53.0
208.0	60.0	29.0	49.0
209.0	59.0	29.0	51.0
209.0	59.0	29.0	51.0
210.0	59.0	29.0	49.0
211.0	59.0	30.0	50.0
211.0	59.0	29.0	50.0
212.0	60.0	29.0	50.0
211.0	59.0	29.0	50.0
210.0	60.0	30.0	50.0
210.0	58.0	30.0	52.0
209.0	58.0	30.0	52.0
209.0	58.0	29.0	51.0
208.0	59.0	30.0	50.0
208.0	59.0	29.0	50.0
207.0	58.0	30.0	51.0
206.0	57.0	31.0	52.0
205.0	56.0	32.0	54.0
205.0	57.0	31.0	53.0
205.0	57.0	31.0	52.0
205.0	56.0	30.0	52.0
205.0	54.0	31.0	54.0
205.0	53.0	31.0	56.0
205.0	54.0	30.0	55.0
205.0	53.0	31.0	57.0
205.0	52.0	30.0	57.0
205.0	52.0	30.0	56.0
204.0	53.0	30.0	56.0
204.0	53.0	31.0	56.0
205.0	58.0	30.0	52.0
205.0	56.0	30.0	54.0
205.0	58.0	30.0	52.0
204.0	53.0	31.0	56.0
205.0	55.0	30.0	54.0
204.0	54.0	31.0	54.0
204.0	54.0	31.0	54.0
205.0	54.0	30.0	53.0
207.0	66.0	27.0	42.0
206.0	64.0	28.0	43.0
207.0	63.0	27.0	43.0
206.0	62.0	28.0	44.0
207.0	61.0	29.0	46.0
206.0	58.0	31.0	49.0
207.0	57.0	28.0	49.0
208.0	61.0	29.0	45.0
208.0	63.0	28.0	43.0
209.0	61.0	28.0	45.0
209.0	53.0	31.0	52.0
211.0	57.0	29.0	48.0
213.0	53.0	30.0	51.0
216.0	57.0	29.0	49.0
215.0	49.0	34.0	57.0
220.0	57.0	29.0	48.0
221.0	49.0	33.0	56.0
224.0	47.0	32.0	55.0
226.0	51.0	30.0	53.0
226.0	47.0	33.0	56.0
227.0	46.0	34.0	57.0
230.0	46.0	33.0	55.0
231.0	46.0	34.0	56.0
232.0	45.0	34.0	57.0
233.0	44.0	36.0	58.0
233.0	44.0	36.0	58.0
233.0	46.0	35.0	56.0
231.0	46.0	34.0	57.0
230.0	46.0	32.0	55.0
230.0	46.0	32.0	55.0
229.0	47.0	32.0	56.0
228.0	48.0	31.0	55.0
227.0	47.0	31.0	55.0
226.0	48.0	30.0	53.0
224.0	47.0	32.0	56.0
225.0	62.0	25.0	40.0
222.0	55.0	29.0	49.0
218.0	48.0	30.0	57.0
217.0	48.0	28.0	50.0
218.0	66.0	26.0	41.0
215.0	48.0	31.0	56.0
214.0	50.0	30.0	54.0
216.0	72.0	24.0	34.0
211.2581787109375	67.09734344482422	29.095378875732422	38.76271057128906
213.0	52.0	29.0	55.0
211.0	51.0	30.0	56.0
211.0	55.0	30.0	52.0
210.0	57.0	31.0	51.0
209.0	57.0	31.0	51.0
209.0	58.0	31.0	50.0
209.0	58.0	30.0	50.0
209.0	59.0	30.0	49.0
208.0	59.0	31.0	49.0
207.0	58.0	30.0	50.0
206.0	58.0	30.0	52.0
210.0	67.0	28.0	41.0
206.0	61.0	28.0	47.0
210.0	68.0	28.0	40.0
206.0	60.0	33.0	48.0
208.0	62.0	30.0	45.0
209.0	64.0	31.0	42.0
210.0	66.0	29.0	39.0
212.25228881835938	68.2552490234375	29.103591918945312	39.139312744140625
210.7295684814453	68.2168960571289	28.992624282836914	38.990081787109375
208.4566650390625	67.76585388183594	29.355525970458984	39.478126525878906
209.4208221435547	67.01905059814453	28.90041732788086	38.866085052490234
208.704833984375	68.24839782714844	29.04665756225586	39.0627555847168
208.6787872314453	67.64851379394531	28.759777069091797	38.67695617675781
209.21145629882812	67.36952209472656	28.358922958374023	38.13787841796875
209.0685272216797	67.7916488647461	28.44073486328125	38.247901916503906
209.48342895507812	67.3358154296875	28.499370574951172	38.326759338378906
209.513671875	68.22891998291016	28.383188247680664	38.17051696777344
209.32156372070312	67.9368667602539	28.493515014648438	38.318885803222656
207.5881805419922	67.12107849121094	28.627532958984375	38.499114990234375
209.47366333007812	68.29469299316406	28.502477645874023	38.33094024658203
206.7115020751953	68.04969024658203	28.168773651123047	37.882164001464844
207.7909393310547	68.27427673339844	27.96038246154785	37.60190963745117
208.604736328125	68.52799987792969	27.745763778686523	37.31328582763672
203.21202087402344	68.62092590332031	27.980310440063477	37.62871170043945
204.26828002929688	69.18949127197266	27.839712142944336	37.43962860107422
201.55850219726562	69.41451263427734	28.18385887145996	37.90244674682617
202.8770294189453	69.79571533203125	28.695880889892578	38.591026306152344
200.99618530273438	68.73495483398438	28.451709747314453	38.262657165527344
201.54061889648438	69.33305358886719	28.592880249023438	38.45250701904297
202.12635803222656	70.72146606445312	28.60618019104004	38.470394134521484
201.8957061767578	71.56993865966797	28.77060317993164	38.69150924682617
203.98158264160156	71.13322448730469	28.688793182373047	38.58148956298828
204.8206329345703	73.25786590576172	28.434011459350586	38.23884963989258
206.73367309570312	73.10752868652344	28.656667709350586	38.53828430175781
208.94479370117188	71.94528198242188	28.85663414001465	38.80720138549805
209.898193359375	70.71517181396484	29.160320281982422	39.215606689453125
211.073974609375	71.52415466308594	29.28706932067871	39.38606643676758
211.86569213867188	68.64122009277344	29.346126556396484	39.465492248535156
213.0028533935547	68.21360778808594	29.241418838500977	39.324676513671875
215.62252807617188	68.4886474609375	29.102304458618164	39.13758850097656
214.23184204101562	68.10258483886719	29.22198486328125	39.29853820800781
215.2465057373047	69.3014144897461	29.067607879638672	39.0909309387207
218.36715698242188	68.85691833496094	28.932231903076172	38.90887451171875
219.5695343017578	70.03642272949219	28.500045776367188	38.327659606933594
220.40908813476562	68.84749603271484	28.878692626953125	38.836875915527344
216.0	67.0	26.0	34.0
215.0	65.0	29.0	39.0
217.0	67.0	27.0	38.0
220.0	66.0	26.0	39.0
221.0	69.0	24.0	35.0
222.0	69.0	25.0	34.0
222.0	65.0	27.0	36.0
221.0	67.0	26.0	34.0
222.0	68.0	25.0	33.0
221.0	65.0	27.0	38.0
220.0	65.0	27.0	38.0
220.0	66.0	27.0	39.0
219.0	66.0	26.0	39.0
219.0	71.0	24.0	33.0
217.0	66.0	27.0	39.0
213.0	65.0	28.0	38.0
215.4838409423828	65.57183074951172	28.579959869384766	38.787086486816406
214.96578979492188	65.75850677490234	28.345630645751953	38.46906661987305
212.23355102539062	64.85263061523438	28.54221534729004	38.735862731933594
211.23550415039062	65.72052764892578	28.87211036682129	39.18357849121094
211.0	62.0	31.0	43.0
209.0	62.0	31.0	45.0
213.0	68.0	26.0	37.0
208.0	60.0	32.0	47.0
207.0	60.0	32.0	47.0
207.0	60.0	31.0	47.0
207.0	60.0	31.0	47.0
205.0	55.0	31.0	54.0
205.0	53.0	32.0	54.0
204.0	53.0	33.0	53.0
205.0	52.0	32.0	54.0
205.0	52.0	31.0	53.0
203.0	50.0	34.0	56.0
202.0	50.0	34.0	56.0
200.0	48.0	35.0	58.0
202.0	51.0	33.0	55.0
198.0	50.0	32.0	54.0
199.0	49.0	35.0	57.0
198.0	48.0	36.0	59.0
197.0	49.0	36.0	56.0
198.0	49.0	35.0	56.0
199.0	51.0	35.0	54.0
199.0	50.0	35.0	55.0
198.0	50.0	35.0	55.0
197.0	50.0	36.0	55.0
200.0	50.0	35.0	54.0
199.0	51.0	35.0	54.0
199.0	51.0	33.0	52.0
199.0	52.0	33.0	50.0
199.0	52.0	33.0	51.0
200.0	53.0	32.0	49.0
201.0	54.0	32.0	49.0
200.0	53.0	33.0	51.0
199.0	53.0	33.0	50.0
200.0	54.0	32.0	50.0
199.0	53.0	34.0	50.0
201.0	55.0	32.0	48.0
199.0	53.0	33.0	50.0
199.0	51.0	35.0	53.0
199.0	48.0	37.0	58.0
199.0	50.0	36.0	55.0
200.0	50.0	35.0	56.0
204.0	51.0	32.0	53.0
203.0	51.0	32.0	51.0
203.0	51.0	32.0	51.0
203.0	52.0	33.0	52.0
207.0	55.0	31.0	51.0
208.0	58.0	31.0	49.0
206.0	56.0	31.0	50.0
207.0	58.0	30.0	50.0
210.0	61.0	29.0	45.0
211.0	60.0	29.0	49.0
214.0	66.0	26.0	40.0
214.0	67.0	25.0	39.0
214.0	66.0	27.0	39.0
216.0	69.0	25.0	34.0
214.7667999267578	69.96073913574219	25.287588119506836	34.39112091064453
214.02853393554688	70.99637603759766	25.309757232666016	34.42127227783203
215.582275390625	72.9552993774414	25.578758239746094	34.787113189697266
215.415771484375	73.61447143554688	25.326919555664062	34.44461441040039
214.59201049804688	72.7313461303711	25.897632598876953	35.220787048339844
218.74807739257812	77.20079040527344	25.979625701904297	35.332298278808594
219.69326782226562	81.32182312011719	26.295074462890625	35.761314392089844
220.4165802001953	83.36936950683594	26.806690216064453	36.457115173339844
221.04812622070312	85.01570892333984	26.77105712890625	36.408653259277344
221.52084350585938	83.00875091552734	26.809139251708984	36.460453033447266
223.2014923095703	84.98733520507812	26.533926010131836	36.08616638183594
223.8781280517578	86.14460754394531	26.838909149169922	36.500946044921875
224.04867553710938	86.42408752441406	26.496374130249023	36.03509521484375
224.41775512695312	87.79707336425781	26.43085289001465	35.945987701416016
222.9913330078125	86.25521087646484	26.410686492919922	35.91856384277344
218.0	73.0	28.0	43.0
218.0	75.0	28.0	43.0
218.0	75.0	25.0	40.0
217.0	76.0	26.0	41.0
211.12698364257812	80.59627532958984	26.071666717529297	41.113014221191406
210.4375457763672	77.05247497558594	26.43021583557129	41.67841720581055
209.239990234375	74.91801452636719	26.551898956298828	41.87030029296875
208.94070434570312	73.21342468261719	26.759307861328125	42.19736862182617
210.79043579101562	70.569580078125	26.837398529052734	42.320518493652344
204.92684936523438	74.3970718383789	27.424846649169922	43.24687576293945
204.81600952148438	74.04499816894531	27.797866821289062	43.83509826660156
203.99899291992188	76.2254867553711	27.620092391967773	43.55476760864258
203.6748504638672	74.43519592285156	28.284475326538086	44.602447509765625
203.63003540039062	74.02111053466797	28.020288467407227	44.18584442138672
203.61764526367188	72.83808898925781	28.348140716552734	44.70284652709961
201.7543182373047	74.47335052490234	28.07480812072754	44.271820068359375
200.5172576904297	74.12458801269531	28.276233673095703	44.58945083618164
201.21481323242188	73.54016876220703	28.207950592041016	44.481773376464844
202.3646240234375	72.92268371582031	28.195215225219727	44.46168899536133
200.38967895507812	72.27748107910156	28.225406646728516	44.50929641723633
200.39845275878906	72.89319610595703	28.140605926513672	44.375572204589844
200.34828186035156	72.99758911132812	28.407489776611328	44.79642868041992
199.15817260742188	72.56968688964844	28.642719268798828	45.1673698425293
196.4652099609375	73.1944808959961	28.503992080688477	44.948612213134766
196.82516479492188	72.93912506103516	28.743423461914062	45.326175689697266
195.48709106445312	72.18753051757812	29.315074920654297	46.22762680053711
197.55567932128906	73.8874740600586	29.106409072875977	45.89857482910156
198.11257934570312	71.07115173339844	29.30924415588379	46.21842956542969
199.90235900878906	71.01776123046875	29.239782333374023	46.10889434814453
199.40792846679688	70.48885345458984	29.06485366821289	45.833045959472656
203.7690887451172	71.43757629394531	29.225650787353516	46.08660888671875
205.58883666992188	72.1790771484375	28.687191009521484	45.23749542236328
209.6348419189453	72.20713806152344	28.508243560791016	44.95531463623047
212.8701934814453	71.55937194824219	28.873910903930664	45.531944274902344
213.49374389648438	72.34063720703125	28.702289581298828	45.26130676269531
215.1795196533203	72.27191162109375	29.055469512939453	45.81824493408203
214.1829833984375	73.527587890625	29.064834594726562	45.83301544189453
214.22250366210938	70.19224548339844	29.077289581298828	45.85265350341797
211.02615356445312	70.89374542236328	29.649648666381836	46.755226135253906
206.915771484375	68.56361389160156	29.877544403076172	47.114601135253906
205.42849731445312	67.03731536865234	29.657089233398438	46.76696014404297
204.26309204101562	66.39511108398438	29.976062774658203	47.26995086669922
203.5452117919922	65.2958755493164	30.097030639648438	47.4607048034668
203.6883087158203	63.20726776123047	30.03668785095215	47.36555480957031
202.9812774658203	61.802406311035156	29.846561431884766	47.065738677978516
201.27572631835938	58.84503936767578	30.126333236694336	47.50691604614258
201.8440704345703	56.68178176879883	29.92789077758789	47.19398498535156
201.36312866210938	58.806495666503906	30.31642723083496	47.806678771972656
201.1121063232422	57.735557556152344	30.2840633392334	47.755645751953125
203.9374237060547	62.40851974487305	29.868988037109375	47.101104736328125
204.3015899658203	65.04711151123047	29.987167358398438	47.28746795654297
207.75662231445312	67.3656234741211	30.25189781188965	47.704925537109375
206.64614868164062	71.15938568115234	30.425731658935547	47.97904586791992
209.5465545654297	70.03238677978516	30.60323715209961	48.25895690917969
209.9879913330078	70.71551513671875	30.84048080444336	48.63307571411133
209.52883911132812	72.26224517822266	30.633853912353516	48.30724334716797
204.9040985107422	74.62158203125	31.022262573242188	48.91973114013672
206.6049346923828	73.74600982666016	30.689876556396484	48.39558410644531
206.010986328125	75.37954711914062	31.25441551208496	49.28582000732422
206.0661163330078	75.67505645751953	31.295644760131836	49.35083770751953
207.45108032226562	76.4764175415039	31.615253448486328	49.854835510253906
206.381591796875	77.86707305908203	32.11183547973633	50.637908935546875
208.83511352539062	77.94444274902344	32.289424896240234	50.91795349121094
207.3938446044922	75.64397430419922	32.07500076293945	50.57982635498047
206.08059692382812	76.26747131347656	32.18598175048828	50.75483703613281
204.99801635742188	74.43550109863281	32.04985809326172	50.54017639160156
205.27334594726562	74.15125274658203	31.94637680053711	50.37699508666992
204.36985778808594	73.74417877197266	32.633644104003906	51.46076202392578
204.44607543945312	71.33940887451172	33.250484466552734	52.43347930908203
204.58139038085938	70.9611587524414	33.2522087097168	52.436195373535156
205.4671173095703	70.2178955078125	33.02938461303711	52.08481979370117
205.27371215820312	69.55403137207031	32.59964370727539	51.40714645385742
205.46694946289062	69.0979995727539	31.948291778564453	50.38001251220703
205.64657592773438	69.11344146728516	31.941442489624023	50.36921310424805
208.0991668701172	71.10816955566406	31.945327758789062	50.375343322753906
207.6683349609375	69.9171371459961	31.860931396484375	50.24225997924805
207.8854522705078	70.5005874633789	31.994070053100586	50.45220947265625
207.3922576904297	69.70552062988281	32.072509765625	50.575904846191406
206.3622283935547	70.95384216308594	31.955257415771484	50.39100646972656
207.2923126220703	70.91697692871094	31.769832611083984	50.098602294921875
209.54824829101562	69.27882385253906	31.77533531188965	50.10728073120117
207.71688842773438	68.28561401367188	31.551467895507812	49.75425720214844
204.49087524414062	69.34014129638672	31.262310028076172	49.29828643798828
205.32421875	69.10503387451172	31.131567001342773	49.09211349487305
206.7467803955078	68.85356903076172	30.56903648376465	48.20504379272461
206.32852172851562	70.01630401611328	30.921985626220703	48.76161575317383
206.8898468017578	72.15740966796875	31.22951889038086	49.2465705871582
207.3065185546875	72.56544494628906	31.502437591552734	49.67694854736328
206.66015625	72.45347595214844	31.46087646484375	49.611412048339844
206.25778198242188	73.49404907226562	31.57284164428711	49.7879753112793
206.8081512451172	72.51637268066406	31.584991455078125	49.8071403503418
206.6456298828125	74.09687805175781	31.629846572875977	49.877872467041016
204.920654296875	73.86531066894531	31.356618881225586	49.44701385498047
204.9425048828125	73.70736694335938	32.00075149536133	50.46276092529297
205.9893798828125	74.1623764038086	31.622814178466797	49.86677932739258
205.127685546875	73.78983306884766	31.0877685546875	49.023048400878906
206.48025512695312	74.38972473144531	31.284765243530273	49.33369445800781
207.7933807373047	75.68376159667969	31.37369155883789	49.47391891479492
207.32369995117188	75.15372467041016	31.33878517150879	49.41887283325195
208.46023559570312	78.04339599609375	31.69768714904785	49.984840393066406
207.85299682617188	79.49256896972656	31.975265502929688	50.42255783081055
205.4838409423828	76.11096954345703	31.174524307250977	49.159847259521484
204.05255126953125	72.07115173339844	31.011804580688477	48.90325164794922
203.4612274169922	68.98201751708984	30.929086685180664	48.77281188964844
205.3651885986328	65.5259780883789	31.169269561767578	49.15156173706055
203.3453369140625	59.9569091796875	31.294076919555664	49.34836959838867
201.8735809326172	57.916297912597656	30.839548110961914	48.63160705566406
197.22506713867188	52.664894104003906	31.522674560546875	49.70884323120117
197.45663452148438	51.2288703918457	31.07450294494629	49.002113342285156
195.48074340820312	47.9337272644043	31.16262435913086	49.14107131958008
195.4537811279297	45.52201461791992	31.803237915039062	50.151268005371094
194.77279663085938	45.10565948486328	31.681697845458984	49.95961380004883
194.3484649658203	42.115699768066406	32.52372360229492	51.28742599487305
194.04371643066406	42.93586349487305	32.351097106933594	51.01520919799805
193.8356170654297	43.12512969970703	32.313812255859375	50.95641326904297
195.00482177734375	44.254478454589844	32.29148483276367	50.921207427978516
196.30303955078125	44.13203048706055	32.668296813964844	51.515403747558594
195.44387817382812	45.02469253540039	32.76462173461914	51.66730499267578
195.6602020263672	47.2141227722168	32.838321685791016	51.78351974487305
197.30545043945312	50.14189529418945	33.0265007019043	52.08026885986328
198.98379516601562	51.110496520996094	32.77893829345703	51.68988037109375
200.22821044921875	53.11338424682617	33.17179870605469	52.30939483642578
201.933837890625	57.919677734375	33.009395599365234	52.05329513549805
202.6089324951172	65.30191802978516	32.486419677734375	51.228599548339844
202.7940216064453	69.44559478759766	32.11803436279297	50.64767837524414
203.783447265625	70.18633270263672	32.129661560058594	50.666015625
205.4598388671875	71.2286376953125	32.161991119384766	50.71699523925781
205.57797241210938	71.81956481933594	32.15534210205078	50.706504821777344
207.18429565429688	75.02838134765625	32.019805908203125	50.49277877807617
208.29965209960938	78.01530456542969	31.47554588317871	49.634521484375
209.8640899658203	80.50416564941406	31.013275146484375	48.905555725097656
211.6608428955078	82.3316879272461	30.860382080078125	48.664459228515625
209.485595703125	83.02587890625	30.726551055908203	48.45341873168945
211.6664276123047	83.58766174316406	30.99344825744629	48.874290466308594
211.7577667236328	81.37513732910156	30.93719482421875	48.78558349609375
211.9174346923828	81.6429214477539	31.364238739013672	49.45899963378906
210.9634246826172	82.0395736694336	30.911865234375	48.74563980102539
211.0120391845703	80.81021881103516	31.15036964416504	49.121742248535156
211.06204223632812	80.87198638916016	31.580184936523438	49.79952621459961
208.9649200439453	80.93054962158203	32.067420959472656	50.5678596496582
207.0452423095703	76.7055892944336	31.892719268798828	50.2923698425293
206.1737518310547	76.54629516601562	31.69407081604004	49.97911834716797
205.56887817382812	75.6625747680664	31.21090316772461	49.217201232910156
205.8212127685547	74.07920837402344	31.53098487854004	49.72194290161133
204.3990020751953	72.97276306152344	31.938928604125977	50.365238189697266
204.59597778320312	70.1881332397461	32.06919479370117	50.57065963745117
203.12557983398438	69.5889663696289	32.051002502441406	50.541969299316406
203.79493713378906	66.93035125732422	32.1082649230957	50.632266998291016
203.32119750976562	65.49467468261719	32.48981857299805	51.23394775390625
205.0629425048828	62.979530334472656	32.450111389160156	51.17133331298828
204.7123565673828	60.31403732299805	31.910022735595703	50.31965255737305
204.5157928466797	59.53131103515625	31.80649757385254	50.15639877319336
203.51565551757812	57.58034133911133	32.04705047607422	50.53573989868164
204.06463623046875	60.00390625	32.156288146972656	50.70800018310547
203.60177612304688	58.904937744140625	32.532386779785156	51.30108642578125
203.9443817138672	59.756797790527344	31.538463592529297	49.73374938964844
204.26670837402344	58.698463439941406	31.434167861938477	49.56928253173828
204.70953369140625	60.76276779174805	31.786880493164062	50.12548828125
205.4152069091797	62.03931427001953	31.398761749267578	49.513450622558594
204.4277801513672	62.45185470581055	31.43387794494629	49.568824768066406
205.8163299560547	64.9713363647461	31.20989990234375	49.21562957763672
203.67616271972656	65.09910583496094	31.636363983154297	49.88813018798828
203.85287475585938	67.18365478515625	31.536367416381836	49.730445861816406
204.54339599609375	67.61981964111328	31.636302947998047	49.888038635253906
207.415771484375	70.18882751464844	31.69817543029785	49.98560333251953
206.6267852783203	72.7424087524414	31.841259002685547	50.21123504638672
207.592041015625	73.03555297851562	31.852031707763672	50.22822952270508
206.798583984375	74.56819915771484	31.88393211364746	50.27853775024414
206.4695281982422	73.2053451538086	32.184261322021484	50.75213623046875
208.45437622070312	74.00439453125	32.13645553588867	50.676753997802734
207.8031463623047	75.1661148071289	32.25682830810547	50.86656951904297
209.0596160888672	76.82360076904297	32.2201042175293	50.80865478515625
207.8916473388672	77.81855010986328	32.24686813354492	50.850860595703125
208.79037475585938	78.73133850097656	32.13608932495117	50.676170349121094
208.371337890625	76.8447265625	32.12561798095703	50.6596565246582
209.5053253173828	76.86483001708984	32.14124298095703	50.684288024902344
207.7639617919922	77.0299072265625	32.721553802490234	51.599395751953125
206.53311157226562	73.43064880371094	32.89010238647461	51.86518478393555
207.36752319335938	73.55754852294922	32.659873962402344	51.50212860107422
206.43301391601562	71.73292541503906	33.28926467895508	52.49462127685547
207.01742553710938	73.86634826660156	33.314170837402344	52.533897399902344
206.55343627929688	73.76588439941406	32.713626861572266	51.586883544921875
206.7864532470703	71.90751647949219	32.5876579284668	51.38824462890625
206.34970092773438	70.48388671875	33.20862579345703	52.367462158203125
204.5630645751953	68.569580078125	33.830074310302734	53.347434997558594
203.75662231445312	68.57005310058594	33.35673141479492	52.60100555419922
204.11264038085938	68.0115966796875	33.57278823852539	52.94171142578125
205.1861114501953	70.02819061279297	32.9737548828125	51.99708938598633
205.4652099609375	70.68241882324219	33.191890716552734	52.3410758972168
204.86453247070312	70.38368225097656	33.48894500732422	52.80950164794922
205.2239532470703	69.45381927490234	33.13090896606445	52.244903564453125
205.35903930664062	71.22722625732422	33.167579650878906	52.30272674560547
205.0081329345703	70.52639770507812	32.891090393066406	51.866729736328125
206.73605346679688	71.75447082519531	32.52581024169922	51.29070281982422
205.7256317138672	71.2440414428711	32.32582473754883	50.97534942626953
205.17483520507812	71.98807525634766	32.49169158935547	51.236907958984375
205.1674346923828	71.21342468261719	32.26544952392578	50.88014602661133
204.60946655273438	70.30476379394531	31.95623779296875	50.392539978027344
203.74008178710938	69.9415512084961	31.650293350219727	49.91008377075195
203.39222717285156	70.91191864013672	31.943578720092773	50.3725700378418
203.03553771972656	70.24674987792969	32.401092529296875	51.094032287597656
203.15513610839844	68.6568832397461	32.50392150878906	51.25618362426758
203.4635467529297	67.58946990966797	32.758094787597656	51.6569938659668
204.79129028320312	65.31216430664062	32.86809158325195	51.83045196533203
204.82107543945312	65.2933120727539	33.06568145751953	52.14203643798828
207.18460083007812	66.09873962402344	32.547916412353516	51.3255615234375
206.9658203125	65.77654266357422	32.33906173706055	50.996219635009766
207.3776092529297	64.28043365478516	32.67897415161133	51.53223419189453
209.1874542236328	66.95988464355469	32.40673828125	51.10293960571289
209.386474609375	64.42402648925781	32.55850601196289	51.34226608276367
209.0076446533203	63.446044921875	33.42433166503906	52.707611083984375
211.63516235351562	64.53047180175781	32.9880485534668	52.019630432128906
213.43728637695312	63.81757354736328	33.2557258605957	52.441734313964844
213.19760131835938	62.49406051635742	33.15735626220703	52.28661346435547
213.8869171142578	64.17669677734375	32.69004821777344	51.54970169067383
214.41555786132812	63.40673828125	32.69922637939453	51.564170837402344
212.9344024658203	64.04286193847656	33.484352111816406	52.8022575378418
212.44711303710938	64.6380386352539	32.950584411621094	51.96055221557617
211.1348876953125	64.71356201171875	33.319332122802734	52.54204177856445
208.48983764648438	62.71234130859375	34.770057678222656	54.8297233581543
207.5270233154297	61.41410446166992	34.82335662841797	54.91377639770508
208.14071655273438	59.216392517089844	35.26983642578125	55.61783981323242
205.6969451904297	59.859771728515625	35.407920837402344	55.835594177246094
205.1333465576172	55.4984130859375	35.65619659423828	56.22710418701172
202.12771606445312	53.838645935058594	36.00078582763672	56.7704963684082
202.95152282714844	50.240962982177734	35.691200256347656	56.28229904174805
203.21014404296875	49.13214874267578	36.07115936279297	56.8814697265625
201.14840698242188	47.35847091674805	35.45444869995117	55.908966064453125
200.56427001953125	44.78841018676758	35.262611389160156	55.60645294189453
196.3370819091797	44.25619125366211	35.04438781738281	55.2623291015625
195.87368774414062	43.8939208984375	34.317840576171875	54.11661911010742
195.39468383789062	44.00205993652344	34.813682556152344	54.898521423339844
193.0855712890625	43.89122772216797	34.76438903808594	54.8207893371582
186.41326904296875	47.83088684082031	34.67704391479492	54.68305587768555
179.2091522216797	57.680328369140625	34.99884796142578	55.190513610839844
176.75582885742188	62.16408157348633	35.255836486816406	55.59576416015625
176.89413452148438	67.15577697753906	35.87199783325195	56.56740188598633
177.74244689941406	73.22563171386719	36.16182327270508	57.0244255065918
191.30245971679688	71.68973541259766	36.43010711669922	57.447479248046875
201.8225555419922	73.04078674316406	36.233333587646484	57.137184143066406
198.405029296875	69.88956451416016	37.2109375	58.67878341674805
198.05995178222656	72.70050048828125	37.6632194519043	59.391998291015625
200.80029296875	76.54850006103516	37.95977783203125	59.859642028808594
180.1549072265625	80.62287902832031	38.327266693115234	60.43914031982422
181.1468505859375	82.12022399902344	38.306358337402344	60.40616989135742
182.24900817871094	82.6801986694336	38.243682861328125	60.30733108520508
181.08558654785156	90.85320281982422	37.609317779541016	59.306983947753906
181.78900146484375	92.90110778808594	37.42831039428711	59.02155303955078
181.50143432617188	91.43208312988281	37.28219223022461	58.79113006591797
181.57608032226562	90.5638427734375	36.800621032714844	58.03173065185547
182.49624633789062	92.47630310058594	36.3897590637207	57.38383865356445
182.39414978027344	95.01146697998047	36.66370391845703	57.815834045410156
185.11221313476562	95.32492065429688	36.91737747192383	58.215850830078125
184.4622344970703	95.32173156738281	36.79061508178711	58.015960693359375
182.81967163085938	95.07783508300781	36.986820220947266	58.32536697387695
184.4668731689453	98.68792724609375	37.031917572021484	58.396484375
185.45492553710938	97.97185516357422	37.54215621948242	59.20109176635742
186.49710083007812	99.34207916259766	37.51899719238281	59.16456985473633
184.1194610595703	101.66941833496094	36.850189208984375	58.10990524291992
185.699951171875	102.10599517822266	36.30727005004883	57.25376510620117
186.62710571289062	106.49787902832031	36.4174690246582	57.42753982543945
